0 0.389583 0.539815 0.090278 0.127778
0 0.551389 0.256481 0.127778 0.164815
0 0.785417 0.427778 0.076389 0.125926
1 0.379167 0.529630 0.041667 0.051852
1 0.519444 0.228704 0.038889 0.050000
1 0.774306 0.419444 0.037500 0.038889
3 0.360417 0.569444 0.048611 0.109259
3 0.461111 0.194444 0.069444 0.088889
3 0.546528 0.152778 0.034722 0.053704
3 0.580556 0.463889 0.036111 0.079630
3 0.741667 0.427778 0.036111 0.088889
2 0.417361 0.576852 0.037500 0.046296
2 0.588194 0.303704 0.054167 0.066667
2 0.804167 0.463889 0.036111 0.046296
