0 0.307129 0.671875 0.078125 0.109375
0 0.348389 0.398438 0.055176 0.057292
0 0.523682 0.589844 0.064941 0.085938
0 0.584961 0.933594 0.118164 0.132812
0 0.682617 0.379232 0.055664 0.059245
0 0.522217 0.394206 0.057129 0.061849
0 0.489502 0.355794 0.043457 0.039714
0 0.557373 0.326497 0.035645 0.042318
0 0.962158 0.526693 0.073730 0.091146
1 0.353516 0.391602 0.016602 0.020182
1 0.513672 0.586589 0.022461 0.028646
1 0.496338 0.344727 0.019043 0.020182
1 0.524170 0.387370 0.019043 0.024740
1 0.560547 0.322917 0.010742 0.016927
1 0.546143 0.930990 0.036621 0.037760
1 0.619629 0.941732 0.041992 0.043620
1 0.348877 0.362956 0.025879 0.022786
3 0.155762 0.450195 0.041992 0.041016
3 0.097168 0.448568 0.024414 0.031250
3 0.319336 0.437826 0.031250 0.034505
3 0.267090 0.443034 0.031250 0.026693
2 0.329590 0.409831 0.015625 0.021484
3 0.370850 0.391602 0.017090 0.020182
3 0.472168 0.479167 0.036133 0.035156
3 0.430420 0.472656 0.021973 0.031250
3 0.293213 0.670898 0.070801 0.056641
3 0.501465 0.573242 0.034180 0.052734
2 0.544678 0.615885 0.020996 0.031250
2 0.502930 0.409180 0.018555 0.021484
2 0.477051 0.364583 0.015625 0.022135
2 0.546143 0.339193 0.011230 0.015625
3 0.477783 0.337240 0.013184 0.013021
3 0.513672 0.334310 0.017578 0.014974
3 0.545410 0.392578 0.022461 0.044271
3 0.542969 0.317057 0.017578 0.015625
3 0.569336 0.320964 0.010742 0.019531
3 0.651855 0.929362 0.049805 0.117839
3 0.526367 0.908203 0.058594 0.104167
2 0.939453 0.539388 0.026367 0.046224
3 0.973633 0.520508 0.052734 0.043620
2 0.668701 0.388346 0.024902 0.031901
3 0.700684 0.371745 0.024414 0.024740
3 0.675049 0.354818 0.022949 0.020833
