0 0.138021 0.330556 0.115625 0.158333
0 0.382292 0.080556 0.043750 0.077778
0 0.170313 0.036806 0.040625 0.070833
0 0.716667 0.164583 0.047917 0.095833
1 0.132292 0.311806 0.037500 0.048611
1 0.700521 0.149306 0.015625 0.018056
1 0.729167 0.154167 0.016667 0.019444
3 0.276042 0.504167 0.062500 0.055556
3 0.211458 0.568056 0.045833 0.080556
3 0.182292 0.286806 0.043750 0.040278
2 0.101042 0.377083 0.037500 0.056944
2 0.171875 0.057639 0.025000 0.026389
3 0.132812 0.019444 0.040625 0.030556
3 0.203646 0.012500 0.036458 0.022222
3 0.390625 0.079167 0.031250 0.041667
2 0.392188 0.105556 0.019792 0.025000
3 0.753646 0.138889 0.042708 0.027778
3 0.680729 0.143056 0.044792 0.038889
2 0.709375 0.199306 0.029167 0.029167
