0 0.070801 0.770191 0.057617 0.095448
0 0.397949 0.619677 0.067383 0.064611
0 0.968262 0.800294 0.057617 0.099853
1 0.388672 0.612335 0.017578 0.020558
1 0.957520 0.779736 0.020508 0.026432
3 0.063477 0.745228 0.037109 0.030837
3 0.364746 0.630690 0.038086 0.027900
3 0.518066 0.662261 0.026367 0.046990
2 0.419434 0.614537 0.024414 0.039648
3 0.836426 0.742291 0.030273 0.030837
1 0.862305 0.749633 0.025391 0.027900
3 0.936523 0.743759 0.029297 0.042584
3 0.982910 0.758443 0.028320 0.024963
2 0.976074 0.828928 0.026367 0.036711
3 0.549805 0.668135 0.021484 0.029369
0 0.523438 0.686490 0.041016 0.051395
