0 0.488542 0.664583 0.052083 0.073611
0 0.359896 0.870139 0.055208 0.087500
0 0.557292 0.361806 0.027083 0.034722
0 0.408333 0.445139 0.035417 0.062500
1 0.350521 0.870833 0.026042 0.027778
1 0.494271 0.655556 0.030208 0.027778
3 0.105729 0.520139 0.017708 0.037500
3 0.330208 0.850000 0.022917 0.044444
2 0.361458 0.902778 0.020833 0.019444
3 0.384896 0.840278 0.023958 0.041667
2 0.408333 0.467361 0.014583 0.020833
3 0.410938 0.445139 0.015625 0.037500
2 0.485417 0.691667 0.025000 0.025000
3 0.511979 0.659028 0.026042 0.079167
3 0.561458 0.361111 0.014583 0.022222
