0 0.198454 0.289551 0.207216 0.282227
0 0.635052 0.806641 0.181443 0.232422
0 0.482990 0.162598 0.108247 0.161133
1 0.170619 0.266602 0.062887 0.056641
1 0.482990 0.164551 0.050515 0.036133
3 0.723711 0.767578 0.224742 0.109375
2 0.684021 0.881836 0.085567 0.068359
2 0.143299 0.394043 0.092784 0.075195
3 0.253608 0.155273 0.101031 0.125000
3 0.228351 0.088867 0.093814 0.113281
3 0.809794 0.119629 0.081443 0.067383
3 0.939691 0.179199 0.075258 0.049805
3 0.417526 0.086426 0.043299 0.061523
3 0.447423 0.115234 0.047423 0.058594
