0 0.496094 0.580729 0.039062 0.062500
0 0.714844 0.455078 0.048828 0.079427
0 0.690430 0.598958 0.044922 0.091146
0 0.490723 0.374349 0.024414 0.050781
0 0.942383 0.281901 0.033203 0.048177
2 0.691895 0.626302 0.024414 0.028646
0 0.445801 0.415365 0.036133 0.062500
3 0.461426 0.395833 0.022461 0.023438
3 0.468262 0.529948 0.020508 0.036458
3 0.502441 0.567708 0.022461 0.023438
3 0.674805 0.588542 0.033203 0.044271
2 0.933594 0.297526 0.011719 0.014323
3 0.955566 0.253255 0.022461 0.035156
3 0.933594 0.277344 0.019531 0.013021
0 0.714844 0.229818 0.021484 0.032552
3 0.701660 0.217448 0.012695 0.010417
2 0.712402 0.240234 0.012695 0.014323
