0 0.133854 0.564583 0.057292 0.098611
0 0.288021 0.472917 0.055208 0.056944
0 0.431771 0.821528 0.051042 0.068056
0 0.516146 0.449306 0.038542 0.076389
0 0.319792 0.486806 0.035417 0.068056
0 0.601042 0.447917 0.047917 0.062500
0 0.718750 0.493056 0.037500 0.061111
0 0.610417 0.518056 0.052083 0.061111
0 0.729688 0.530556 0.053125 0.033333
1 0.147917 0.549306 0.022917 0.031944
1 0.504167 0.430556 0.020833 0.025000
1 0.595313 0.443056 0.028125 0.030556
1 0.606771 0.516667 0.028125 0.027778
1 0.284896 0.465278 0.026042 0.025000
2 0.119792 0.596528 0.027083 0.031944
3 0.160417 0.588194 0.037500 0.095833
2 0.319792 0.504167 0.020833 0.022222
3 0.335417 0.494444 0.018750 0.063889
3 0.600521 0.555556 0.048958 0.077778
1 0.713542 0.480556 0.025000 0.025000
3 0.767188 0.450694 0.021875 0.026389
3 0.729167 0.454167 0.025000 0.033333
3 0.354167 0.809028 0.018750 0.059722
3 0.420312 0.827778 0.019792 0.038889
3 0.569792 0.466667 0.035417 0.055556
3 0.648438 0.761806 0.023958 0.043056
