0 0.047852 0.259115 0.058594 0.104167
0 0.155762 0.107422 0.038086 0.061198
0 0.256836 0.415365 0.085938 0.145833
0 0.588867 0.565104 0.103516 0.177083
0 0.235840 0.215495 0.043945 0.087240
0 0.707520 0.245443 0.061523 0.113281
0 0.391602 0.243490 0.058594 0.088542
0 0.480957 0.483724 0.081055 0.160156
0 0.627930 0.368490 0.082031 0.153646
0 0.947754 0.388672 0.073242 0.136719
0 0.473145 0.360026 0.057617 0.076823
0 0.426270 0.305990 0.059570 0.075521
0 0.265137 0.188151 0.038086 0.076823
0 0.747559 0.369792 0.069336 0.135417
0 0.824219 0.370443 0.054688 0.115885
0 0.968262 0.536458 0.061523 0.158854
1 0.551758 0.544271 0.027344 0.041667
1 0.624512 0.542969 0.028320 0.039062
1 0.454102 0.460938 0.023438 0.031250
1 0.513184 0.455729 0.020508 0.033854
1 0.225098 0.391276 0.024414 0.029948
1 0.280762 0.387370 0.020508 0.027344
1 0.600098 0.345052 0.024414 0.028646
1 0.657227 0.345052 0.015625 0.028646
1 0.720215 0.347656 0.020508 0.026042
1 0.491211 0.361328 0.015625 0.019531
1 0.681641 0.221354 0.015625 0.026042
1 0.728516 0.230469 0.019531 0.023438
1 0.400391 0.308594 0.019531 0.028646
1 0.445801 0.306641 0.014648 0.019531
1 0.372559 0.231771 0.014648 0.026042
1 0.413086 0.235026 0.013672 0.016927
1 0.775391 0.355469 0.015625 0.033854
1 0.846680 0.353516 0.013672 0.019531
1 0.924805 0.373698 0.023438 0.028646
1 0.978516 0.373698 0.017578 0.018229
1 0.956055 0.515625 0.025391 0.028646
1 0.252930 0.202474 0.013672 0.016927
1 0.221680 0.200521 0.019531 0.020833
1 0.157227 0.185547 0.013672 0.016927
1 0.188477 0.185547 0.011719 0.011719
1 0.025391 0.244141 0.015625 0.019531
1 0.067383 0.236979 0.009766 0.020833
0 0.170898 0.197917 0.042969 0.083333
2 0.049805 0.289714 0.035156 0.035156
2 0.234375 0.240885 0.031250 0.036458
2 0.173828 0.223958 0.023438 0.028646
2 0.155762 0.122396 0.024414 0.023438
2 0.264160 0.207682 0.018555 0.027344
2 0.263184 0.455729 0.041992 0.057292
2 0.394531 0.263672 0.025391 0.032552
2 0.483887 0.532552 0.045898 0.054688
2 0.591797 0.616536 0.052734 0.066406
2 0.631348 0.418620 0.041992 0.045573
2 0.747559 0.416016 0.038086 0.042969
2 0.706543 0.283203 0.032227 0.040365
2 0.826660 0.402995 0.038086 0.048177
2 0.958008 0.432943 0.037109 0.048177
2 0.981934 0.583333 0.036133 0.062500
3 0.090332 0.232422 0.043945 0.045573
3 0.012207 0.255208 0.022461 0.067708
3 0.132324 0.084635 0.028320 0.031250
3 0.183105 0.082682 0.024414 0.029948
3 0.132812 0.168620 0.041016 0.035156
3 0.201660 0.162109 0.030273 0.055990
3 0.277344 0.171875 0.042969 0.046875
3 0.294434 0.137370 0.034180 0.040365
3 0.175293 0.351562 0.075195 0.062500
3 0.303223 0.354818 0.053711 0.079427
3 0.352051 0.248698 0.045898 0.067708
3 0.434570 0.244792 0.035156 0.049479
3 0.379395 0.330729 0.043945 0.080729
3 0.485352 0.312500 0.070312 0.057292
3 0.438477 0.479167 0.048828 0.109375
3 0.525879 0.479818 0.038086 0.113281
3 0.522949 0.389974 0.045898 0.092448
3 0.582520 0.358073 0.041992 0.122396
3 0.683105 0.360026 0.051758 0.115885
3 0.799805 0.349609 0.044922 0.066406
3 0.646973 0.204427 0.067383 0.039062
3 0.765625 0.216797 0.072266 0.048177
3 0.701172 0.338542 0.035156 0.049479
3 0.865234 0.355469 0.031250 0.031250
3 0.909180 0.406901 0.039062 0.108073
3 0.989258 0.386068 0.021484 0.071615
3 0.927246 0.551432 0.051758 0.126302
3 0.671875 0.521484 0.087891 0.079427
3 0.522949 0.587240 0.057617 0.135417
