0 0.535645 0.451095 0.159180 0.309489
1 0.481934 0.404380 0.040039 0.055474
1 0.596680 0.394161 0.035156 0.052555
0 0.676270 0.564964 0.100586 0.251095
0 0.028809 0.324818 0.036133 0.056934
0 0.985840 0.169343 0.026367 0.087591
0 0.968262 0.322628 0.063477 0.122628
0 0.273926 0.603650 0.065430 0.112409
1 0.638672 0.521898 0.031250 0.048175
1 0.718262 0.532847 0.028320 0.037956
0 0.182129 0.224088 0.026367 0.054015
1 0.273926 0.608029 0.026367 0.033577
1 0.015137 0.321898 0.012695 0.018978
1 0.038086 0.318248 0.013672 0.026277
1 0.971680 0.303650 0.025391 0.029197
2 0.027344 0.344526 0.013672 0.017518
3 0.046387 0.308759 0.016602 0.024818
3 0.006836 0.321168 0.011719 0.020438
3 0.164551 0.211679 0.018555 0.023358
3 0.197266 0.208029 0.017578 0.024818
2 0.182129 0.243796 0.010742 0.014599
3 0.235352 0.543796 0.033203 0.030657
2 0.555176 0.543796 0.077148 0.112409
3 0.421387 0.394891 0.086914 0.094891
3 0.650879 0.333577 0.114258 0.127007
2 0.673340 0.654015 0.049805 0.064234
3 0.613770 0.494891 0.055664 0.055474
3 0.752441 0.448905 0.071289 0.124088
3 0.398926 0.505839 0.075195 0.054015
3 0.305176 0.493431 0.063477 0.105109
1 0.400391 0.472993 0.027344 0.032117
2 0.983887 0.365693 0.026367 0.036496
3 0.969727 0.146715 0.033203 0.036496
2 0.990723 0.199270 0.018555 0.024818
