0 0.130208 0.168750 0.041667 0.062500
0 0.197396 0.093056 0.019792 0.033333
0 0.219271 0.016667 0.017708 0.030556
0 0.246875 0.049306 0.025000 0.048611
0 0.328646 0.043056 0.017708 0.027778
0 0.501042 0.040278 0.016667 0.030556
0 0.576042 0.057639 0.025000 0.048611
0 0.638021 0.068056 0.021875 0.033333
0 0.516146 0.129167 0.021875 0.033333
0 0.763021 0.113889 0.015625 0.027778
0 0.413542 0.210417 0.033333 0.059722
0 0.591667 0.130556 0.025000 0.036111
0 0.501042 0.230556 0.045833 0.083333
0 0.889583 0.170139 0.029167 0.059722
0 0.944271 0.130556 0.028125 0.047222
0 0.363542 0.415278 0.058333 0.072222
0 0.360938 0.611806 0.117708 0.243056
0 0.416667 0.805556 0.075000 0.077778
1 0.369271 0.609028 0.040625 0.048611
1 0.141667 0.159028 0.016667 0.018056
1 0.404167 0.199306 0.012500 0.018056
1 0.423438 0.202778 0.013542 0.016667
1 0.509896 0.226389 0.017708 0.022222
1 0.238021 0.036806 0.009375 0.012500
1 0.254167 0.038194 0.010417 0.012500
1 0.879167 0.161806 0.014583 0.015278
1 0.901563 0.166667 0.015625 0.016667
2 0.118750 0.186806 0.016667 0.020833
3 0.148438 0.186806 0.036458 0.070833
3 0.128646 0.205556 0.021875 0.027778
2 0.246354 0.063194 0.017708 0.018056
3 0.515104 0.038889 0.017708 0.013889
3 0.488021 0.030556 0.015625 0.019444
2 0.574479 0.072222 0.013542 0.013889
2 0.500521 0.050694 0.009375 0.012500
3 0.392188 0.180556 0.021875 0.022222
3 0.438542 0.186806 0.022917 0.023611
3 0.575521 0.168056 0.015625 0.022222
3 0.604167 0.177778 0.016667 0.025000
3 0.609896 0.131944 0.015625 0.019444
0 0.516146 0.129167 0.021875 0.033333
3 0.575521 0.124306 0.013542 0.015278
3 0.519271 0.241667 0.019792 0.050000
3 0.806771 0.329167 0.069792 0.066667
3 0.901563 0.322917 0.055208 0.076389
3 0.913021 0.161806 0.015625 0.018056
3 0.870313 0.155556 0.015625 0.016667
2 0.888542 0.186806 0.018750 0.018056
3 0.936458 0.121528 0.027083 0.018056
3 0.333854 0.579861 0.084375 0.109722
3 0.353125 0.427083 0.035417 0.048611
3 0.385937 0.356944 0.048958 0.027778
3 0.468229 0.345139 0.044792 0.043056
3 0.511979 0.475694 0.040625 0.043056
3 0.445312 0.520833 0.059375 0.069444
3 0.333854 0.374306 0.019792 0.040278
