0 0.150391 0.509158 0.046875 0.095238
0 0.433594 0.426740 0.056641 0.084249
0 0.804688 0.398046 0.113281 0.107448
1 0.162598 0.494505 0.028320 0.036630
1 0.416016 0.413309 0.027344 0.028083
1 0.454590 0.408425 0.028320 0.030525
1 0.770508 0.383394 0.042969 0.043956
2 0.140137 0.538462 0.022461 0.031746
3 0.129883 0.459096 0.023438 0.034188
3 0.191895 0.477411 0.034180 0.034188
2 0.433594 0.448107 0.035156 0.041514
3 0.391602 0.400488 0.037109 0.041514
3 0.480469 0.388889 0.033203 0.047619
3 0.724609 0.369353 0.041016 0.064713
2 0.837891 0.408425 0.041016 0.054945
