0 0.252083 0.214583 0.043750 0.087500
0 0.425521 0.152778 0.034375 0.066667
0 0.506771 0.470139 0.040625 0.093056
0 0.617708 0.497222 0.047917 0.097222
0 0.642708 0.028472 0.035417 0.054167
1 0.595833 0.474306 0.020833 0.031944
1 0.631771 0.477778 0.021875 0.030556
1 0.257292 0.202778 0.022917 0.030556
1 0.410417 0.143056 0.016667 0.019444
1 0.435937 0.143056 0.015625 0.019444
3 0.625000 0.031944 0.014583 0.061111
3 0.659375 0.038889 0.016667 0.072222
2 0.636458 0.042361 0.022917 0.020833
3 0.407813 0.173611 0.019792 0.061111
3 0.440625 0.172222 0.016667 0.058333
2 0.423958 0.170833 0.020833 0.025000
3 0.277083 0.236806 0.029167 0.081944
2 0.242708 0.243750 0.025000 0.031944
3 0.478125 0.465278 0.033333 0.069444
2 0.513542 0.497917 0.022917 0.034722
0 0.704167 0.421528 0.031250 0.040278
3 0.689063 0.454167 0.015625 0.061111
3 0.716667 0.459722 0.014583 0.058333
2 0.621875 0.522917 0.031250 0.037500
3 0.584896 0.525000 0.040625 0.102778
3 0.643750 0.528472 0.031250 0.106944
