0 0.202637 0.408358 0.127930 0.177419
0 0.396973 0.318915 0.100586 0.153959
0 0.574219 0.242669 0.089844 0.156891
0 0.807129 0.174487 0.083008 0.155425
0 0.917969 0.222141 0.119141 0.159824
0 0.898926 0.397361 0.133789 0.208211
0 0.339844 0.642962 0.117188 0.186217
0 0.456543 0.728006 0.118164 0.227273
0 0.291016 0.338710 0.078125 0.117302
1 0.322266 0.621701 0.044922 0.052786
1 0.473633 0.710411 0.050781 0.057185
1 0.233887 0.387097 0.038086 0.052786
1 0.425293 0.291789 0.038086 0.052786
1 0.544922 0.215543 0.031250 0.043988
1 0.603516 0.206745 0.021484 0.038123
1 0.862305 0.365836 0.046875 0.048387
1 0.771973 0.142962 0.034180 0.036657
1 0.831055 0.142229 0.021484 0.038123
1 0.947266 0.195748 0.039062 0.048387
1 0.286133 0.339443 0.033203 0.042522
2 0.425293 0.802786 0.053711 0.068915
3 0.535156 0.675220 0.058594 0.054252
2 0.381348 0.702346 0.034180 0.052786
3 0.289551 0.598974 0.034180 0.054252
3 0.190918 0.335044 0.055664 0.042522
3 0.289551 0.264663 0.045898 0.048387
3 0.339844 0.307918 0.064453 0.046921
3 0.463867 0.288856 0.042969 0.052786
2 0.593262 0.281525 0.043945 0.058651
3 0.627930 0.202346 0.050781 0.046921
3 0.517090 0.206745 0.040039 0.052786
3 0.746094 0.125367 0.037109 0.060117
3 0.855469 0.130499 0.046875 0.046921
2 0.820801 0.217742 0.047852 0.068915
3 0.827637 0.348974 0.036133 0.055718
2 0.935059 0.460411 0.051758 0.082111
3 0.933594 0.338710 0.046875 0.049853
3 0.869629 0.169355 0.036133 0.042522
3 0.977051 0.189150 0.038086 0.055718
2 0.877930 0.275660 0.050781 0.058651
3 0.268555 0.372434 0.035156 0.058651
