0 0.411133 0.525391 0.050781 0.079427
0 0.466797 0.498698 0.035156 0.065104
0 0.674805 0.437500 0.033203 0.062500
1 0.424805 0.513672 0.021484 0.027344
1 0.475098 0.492188 0.022461 0.026042
1 0.664551 0.423828 0.014648 0.014323
1 0.685059 0.425130 0.012695 0.014323
2 0.396973 0.550130 0.018555 0.027344
3 0.387207 0.492188 0.028320 0.031250
3 0.439453 0.507161 0.019531 0.027344
3 0.443359 0.468099 0.027344 0.027344
3 0.493164 0.483073 0.019531 0.023438
2 0.458496 0.522786 0.016602 0.019531
2 0.672852 0.454427 0.017578 0.023438
3 0.655273 0.415365 0.021484 0.020833
3 0.696777 0.416016 0.020508 0.016927
