0 0.229167 0.601042 0.166667 0.193750
0 0.507639 0.532292 0.126389 0.139583
0 0.718056 0.565625 0.108333 0.118750
1 0.172222 0.568229 0.063889 0.055208
1 0.549306 0.529167 0.054167 0.043750
2 0.215972 0.670833 0.079167 0.050000
1 0.275694 0.573958 0.051389 0.031250
3 0.312500 0.578646 0.061111 0.117708
3 0.141667 0.582812 0.047222 0.109375
2 0.489583 0.582812 0.054167 0.034375
3 0.594444 0.539062 0.055556 0.121875
3 0.452083 0.536979 0.043056 0.084375
3 0.775694 0.563021 0.051389 0.086458
3 0.642361 0.568229 0.040278 0.092708
2 0.707639 0.610417 0.056944 0.029167
