0 0.124321 0.595109 0.063859 0.117754
0 0.017663 0.345109 0.032609 0.074275
0 0.309783 0.421196 0.043478 0.067029
0 0.065897 0.469203 0.061141 0.097826
0 0.188859 0.390399 0.057065 0.085145
0 0.211957 0.314312 0.046196 0.063406
0 0.282609 0.331522 0.035326 0.054348
0 0.243207 0.479167 0.043478 0.059783
0 0.384511 0.599638 0.062500 0.101449
0 0.519022 0.415761 0.040761 0.070652
0 0.626359 0.323370 0.035326 0.052536
0 0.302310 0.256341 0.020380 0.034420
0 0.343071 0.273551 0.033967 0.057971
0 0.398098 0.327899 0.032609 0.054348
0 0.401495 0.215580 0.020380 0.043478
0 0.442935 0.250906 0.019022 0.034420
0 0.472147 0.259964 0.028533 0.045290
0 0.524457 0.264493 0.040761 0.061594
0 0.433424 0.314312 0.027174 0.045290
0 0.463995 0.348732 0.042120 0.063406
0 0.745245 0.372283 0.058424 0.099638
0 0.747283 0.498188 0.059783 0.079710
0 0.833560 0.327899 0.036685 0.057971
0 0.565897 0.229167 0.031250 0.045290
0 0.650136 0.269022 0.025815 0.052536
0 0.974185 0.224638 0.035326 0.050725
0 0.982337 0.572464 0.035326 0.105072
0 0.231658 0.549819 0.042120 0.052536
1 0.141984 0.577899 0.028533 0.036232
1 0.095109 0.576993 0.021739 0.038043
1 0.169158 0.375906 0.020380 0.027174
1 0.202446 0.371377 0.019022 0.032609
1 0.364810 0.591486 0.028533 0.030797
1 0.760870 0.491848 0.029891 0.030797
1 0.724185 0.354167 0.021739 0.027174
1 0.764946 0.358696 0.024457 0.032609
1 0.970109 0.555254 0.024457 0.027174
1 0.825408 0.318841 0.017663 0.025362
1 0.847147 0.322464 0.017663 0.021739
1 0.966033 0.220109 0.021739 0.023551
1 0.083560 0.457428 0.025815 0.027174
1 0.249321 0.474638 0.020380 0.025362
1 0.323370 0.415761 0.021739 0.030797
1 0.294158 0.407609 0.020380 0.025362
1 0.294158 0.323370 0.020380 0.027174
1 0.198370 0.300725 0.013587 0.018116
1 0.226223 0.296196 0.014946 0.019928
1 0.532609 0.259058 0.016304 0.018116
1 0.510870 0.259964 0.016304 0.016304
1 0.618207 0.314312 0.016304 0.016304
1 0.635870 0.313406 0.016304 0.018116
1 0.474185 0.340580 0.019022 0.021739
1 0.559783 0.220109 0.010870 0.016304
1 0.577446 0.220109 0.013587 0.016304
2 0.116848 0.631341 0.035326 0.041667
2 0.167120 0.604167 0.043478 0.092391
2 0.083560 0.598732 0.036685 0.103261
2 0.050272 0.492754 0.029891 0.043478
3 0.099185 0.479167 0.046196 0.070652
2 0.021060 0.367754 0.025815 0.032609
2 0.021060 0.367754 0.025815 0.032609
3 0.034647 0.340580 0.023098 0.032609
2 0.192935 0.415761 0.029891 0.030797
3 0.220109 0.371377 0.029891 0.032609
3 0.157609 0.375906 0.019022 0.034420
2 0.208560 0.326993 0.023098 0.023551
3 0.237772 0.305254 0.021739 0.027174
3 0.186821 0.308877 0.017663 0.027174
2 0.278533 0.345109 0.016304 0.023551
3 0.311821 0.326993 0.020380 0.034420
0 0.262908 0.311594 0.020380 0.028986
2 0.300272 0.439312 0.021739 0.027174
3 0.331522 0.443841 0.027174 0.072464
3 0.284647 0.430254 0.020380 0.070652
2 0.229620 0.497283 0.019022 0.023551
3 0.253397 0.558877 0.023098 0.045290
3 0.204484 0.559783 0.023098 0.043478
2 0.396060 0.631341 0.031250 0.038043
3 0.345109 0.617754 0.038043 0.094203
3 0.415761 0.604167 0.027174 0.077899
3 0.380435 0.331522 0.016304 0.036232
2 0.338995 0.288043 0.017663 0.021739
3 0.321332 0.274457 0.017663 0.030797
2 0.394022 0.340580 0.016304 0.018116
1 0.409647 0.317935 0.014946 0.012681
2 0.434783 0.326993 0.016304 0.012681
2 0.452446 0.367754 0.019022 0.021739
2 0.512908 0.433877 0.023098 0.027174
2 0.519022 0.282609 0.019022 0.025362
2 0.470109 0.274457 0.016304 0.016304
2 0.398098 0.228261 0.016304 0.018116
1 0.528533 0.407609 0.016304 0.014493
1 0.503397 0.403080 0.014946 0.016304
3 0.544158 0.412138 0.014946 0.034420
3 0.487772 0.407609 0.027174 0.032609
2 0.624321 0.336051 0.014946 0.016304
2 0.651495 0.278986 0.014946 0.021739
3 0.667799 0.264493 0.017663 0.039855
3 0.637908 0.269022 0.017663 0.048913
2 0.569973 0.242754 0.014946 0.018116
2 0.737772 0.403080 0.027174 0.034420
3 0.776495 0.375906 0.033967 0.070652
3 0.716033 0.374094 0.019022 0.056159
2 0.835598 0.345109 0.021739 0.023551
3 0.854620 0.340580 0.021739 0.043478
2 0.974185 0.242754 0.019022 0.021739
2 0.729620 0.523551 0.024457 0.028986
2 0.981658 0.604167 0.033967 0.038043
3 0.292120 0.260870 0.010870 0.021739
3 0.546196 0.278986 0.027174 0.054348
3 0.500679 0.267210 0.017663 0.030797
3 0.485054 0.269928 0.013587 0.032609
3 0.458560 0.269022 0.014946 0.030797
3 0.385870 0.215580 0.019022 0.032609
3 0.260190 0.493659 0.028533 0.052536
