0 0.482639 0.328646 0.084722 0.071875
0 0.743750 0.494792 0.073611 0.060417
0 0.586806 0.332292 0.043056 0.041667
1 0.744444 0.489583 0.027778 0.027083
2 0.452778 0.342187 0.027778 0.028125
3 0.550694 0.298438 0.029167 0.017708
2 0.575000 0.338021 0.019444 0.015625
3 0.609722 0.311979 0.022222 0.021875
3 0.631250 0.321875 0.026389 0.014583
1 0.476389 0.313021 0.038889 0.023958
1 0.589583 0.320312 0.029167 0.017708
2 0.738194 0.515625 0.031944 0.016667
3 0.703472 0.458854 0.037500 0.017708
3 0.757639 0.483854 0.023611 0.017708
