0 0.107666 0.381185 0.061035 0.080078
0 0.326416 0.405273 0.046387 0.073568
0 0.579590 0.271810 0.038086 0.047526
0 0.608398 0.347331 0.043945 0.052734
0 0.649902 0.332682 0.034180 0.061198
0 0.667969 0.478841 0.069336 0.098307
0 0.572754 0.419922 0.044922 0.059896
0 0.273438 0.262695 0.030273 0.042318
1 0.098389 0.375326 0.026855 0.027995
1 0.275879 0.258464 0.013672 0.014323
1 0.315674 0.401367 0.019043 0.017578
1 0.656006 0.325195 0.017090 0.016276
1 0.609131 0.344076 0.017090 0.017578
1 0.670166 0.472982 0.027832 0.026693
1 0.579834 0.269206 0.017090 0.014974
2 0.128662 0.401693 0.020020 0.026042
2 0.338135 0.430664 0.017090 0.017578
2 0.690674 0.510417 0.023926 0.027344
2 0.639648 0.348307 0.015625 0.019531
2 0.625977 0.361654 0.011719 0.020182
2 0.593506 0.286458 0.010254 0.016927
3 0.116943 0.348633 0.022949 0.013672
3 0.294678 0.381836 0.025879 0.017578
3 0.343262 0.371745 0.030273 0.018229
3 0.274658 0.264648 0.024902 0.027995
3 0.406494 0.266276 0.019043 0.029948
3 0.562988 0.258138 0.016602 0.016276
3 0.574463 0.310221 0.022949 0.022786
3 0.604980 0.312500 0.012695 0.022135
3 0.595947 0.354167 0.016113 0.044271
3 0.636719 0.308919 0.021484 0.013672
3 0.672852 0.323242 0.022461 0.022786
3 0.561035 0.410807 0.043945 0.022135
3 0.635010 0.439779 0.038574 0.048828
3 0.799561 0.375000 0.023926 0.026042
3 0.847412 0.388997 0.026855 0.020182
