0 0.511719 0.502930 0.040039 0.099609
0 0.913086 0.518880 0.018555 0.033854
0 0.595459 0.638021 0.051270 0.088542
0 0.585938 0.549805 0.035156 0.067057
1 0.527344 0.498372 0.015625 0.021484
1 0.584717 0.639974 0.030762 0.032552
1 0.581543 0.542969 0.024414 0.027344
3 0.563721 0.783203 0.032715 0.058594
1 0.623047 0.717122 0.024414 0.024089
3 0.664551 0.699544 0.055664 0.044922
3 0.617432 0.739583 0.041504 0.024740
3 0.542969 0.628255 0.042969 0.037760
2 0.590088 0.570312 0.020996 0.018229
3 0.562500 0.541016 0.030273 0.052083
3 0.904297 0.515951 0.008789 0.018880
3 0.925049 0.515625 0.010254 0.015625
0 0.536133 0.379232 0.024414 0.035807
3 0.544922 0.374349 0.011719 0.016927
