0 0.367676 0.544656 0.038086 0.079063
0 0.365723 0.612006 0.036133 0.046852
0 0.525879 0.508785 0.038086 0.057101
0 0.396973 0.510981 0.036133 0.046852
1 0.367676 0.611274 0.016602 0.021962
1 0.388672 0.515373 0.019531 0.020498
1 0.521973 0.506589 0.016602 0.023426
1 0.353516 0.530747 0.013672 0.019034
2 0.368652 0.572474 0.020508 0.026354
3 0.333496 0.605417 0.022461 0.024890
3 0.344238 0.509517 0.014648 0.023426
3 0.385742 0.502196 0.017578 0.026354
2 0.408691 0.521962 0.012695 0.021962
2 0.517090 0.527818 0.014648 0.021962
3 0.552246 0.466325 0.016602 0.024890
