0 0.069546 0.655762 0.083455 0.092773
0 0.341874 0.521484 0.083455 0.080078
0 0.474378 0.605957 0.105417 0.088867
0 0.736457 0.660156 0.093704 0.091797
0 0.698389 0.903320 0.081991 0.091797
0 0.293558 0.944336 0.101025 0.093750
0 0.563690 0.773926 0.099561 0.094727
0 0.492679 0.690918 0.083455 0.086914
0 0.920205 0.549316 0.095168 0.086914
0 0.618594 0.616211 0.080527 0.113281
1 0.316252 0.510254 0.032211 0.016602
1 0.371889 0.509766 0.035139 0.017578
1 0.710835 0.652344 0.039531 0.021484
1 0.771596 0.640137 0.043924 0.020508
1 0.938507 0.534180 0.035139 0.021484
1 0.453148 0.586426 0.036603 0.022461
1 0.513909 0.593262 0.035139 0.020508
1 0.514641 0.674805 0.039531 0.021484
1 0.671303 0.892090 0.036603 0.024414
1 0.736457 0.896973 0.038067 0.022461
1 0.655198 0.605469 0.045388 0.023438
1 0.314788 0.928223 0.040996 0.020508
1 0.246706 0.932129 0.036603 0.020508
1 0.592240 0.761719 0.039531 0.019531
2 0.076867 0.691895 0.039531 0.018555
2 0.344070 0.548828 0.040996 0.023438
2 0.467057 0.638672 0.043924 0.021484
2 0.489751 0.724121 0.042460 0.018555
2 0.611274 0.657227 0.054173 0.027344
2 0.555637 0.808105 0.042460 0.022461
2 0.758419 0.688477 0.043924 0.029297
2 0.926061 0.578125 0.048316 0.027344
2 0.286237 0.977051 0.060029 0.028320
2 0.709370 0.935547 0.045388 0.029297
3 0.131040 0.636230 0.068814 0.032227
3 0.019034 0.644043 0.035139 0.053711
3 0.240117 0.939453 0.052709 0.060547
3 0.337482 0.927246 0.054173 0.067383
3 0.631772 0.902344 0.060029 0.050781
3 0.756223 0.885254 0.045388 0.022461
3 0.575403 0.985840 0.087848 0.028320
3 0.734261 0.962891 0.092240 0.058594
3 0.273060 0.500000 0.083455 0.023438
3 0.401171 0.484863 0.067350 0.034180
3 0.410688 0.585449 0.089312 0.045898
3 0.549048 0.584473 0.058565 0.028320
3 0.572474 0.637695 0.035139 0.121094
3 0.660322 0.627930 0.067350 0.027344
3 0.789898 0.604492 0.068814 0.037109
3 0.429722 0.676270 0.068814 0.053711
3 0.535871 0.659668 0.043924 0.024414
3 0.502928 0.754883 0.060029 0.039062
3 0.636896 0.763672 0.061493 0.048828
