0 0.247559 0.643056 0.075195 0.144444
0 0.079590 0.752083 0.055664 0.101389
0 0.051758 0.505556 0.060547 0.122222
0 0.364258 0.568056 0.060547 0.119444
0 0.456055 0.511806 0.060547 0.118056
0 0.961426 0.679167 0.075195 0.144444
0 0.223145 0.447917 0.055664 0.087500
0 0.246094 0.536806 0.060547 0.073611
0 0.584473 0.461806 0.040039 0.084722
0 0.662598 0.447917 0.055664 0.095833
0 0.746094 0.534028 0.033203 0.054167
0 0.796387 0.505556 0.040039 0.088889
0 0.402344 0.386806 0.046875 0.084722
0 0.727051 0.422917 0.030273 0.079167
0 0.940430 0.479167 0.033203 0.069444
0 0.845215 0.422917 0.036133 0.076389
0 0.562012 0.380556 0.032227 0.086111
0 0.536133 0.396528 0.025391 0.068056
0 0.756836 0.399306 0.031250 0.076389
1 0.947266 0.661806 0.037109 0.051389
1 0.758301 0.971528 0.049805 0.054167
1 0.223145 0.618056 0.026367 0.036111
1 0.266602 0.618056 0.029297 0.036111
1 0.070801 0.486806 0.030273 0.031944
1 0.417969 0.377778 0.025391 0.025000
1 0.784180 0.496528 0.017578 0.023611
1 0.808594 0.499306 0.019531 0.020833
1 0.572266 0.387500 0.013672 0.025000
1 0.240723 0.441667 0.022461 0.030556
2 0.242676 0.686806 0.030273 0.045833
3 0.282715 0.624306 0.024414 0.065278
3 0.208008 0.627778 0.029297 0.063889
2 0.364258 0.605556 0.033203 0.038889
3 0.411133 0.541667 0.046875 0.044444
3 0.315918 0.535417 0.038086 0.034722
3 0.193848 0.535417 0.041992 0.031944
3 0.284180 0.530556 0.035156 0.030556
2 0.453125 0.545833 0.031250 0.036111
3 0.409180 0.477778 0.044922 0.030556
3 0.489258 0.486806 0.029297 0.045833
2 0.037598 0.538889 0.034180 0.041667
3 0.100098 0.463194 0.040039 0.054167
3 0.015137 0.474306 0.024414 0.037500
3 0.270508 0.419444 0.052734 0.038889
2 0.392090 0.405556 0.024414 0.030556
3 0.435059 0.352083 0.026367 0.048611
3 0.608887 0.436806 0.020508 0.020833
3 0.558594 0.449306 0.017578 0.026389
2 0.666504 0.480556 0.026367 0.030556
3 0.697266 0.441667 0.025391 0.038889
3 0.640137 0.438194 0.024414 0.034722
2 0.744141 0.549306 0.015625 0.018056
3 0.759766 0.509722 0.017578 0.025000
3 0.720215 0.530556 0.024414 0.027778
2 0.796387 0.535417 0.020508 0.026389
3 0.822754 0.490278 0.024414 0.025000
3 0.772461 0.486806 0.017578 0.020833
2 0.758301 0.427778 0.016602 0.019444
2 0.556641 0.418056 0.017578 0.022222
2 0.729004 0.449306 0.020508 0.020833
2 0.980469 0.729167 0.033203 0.038889
2 0.941406 0.498611 0.019531 0.022222
