0 0.113542 0.055556 0.043750 0.081481
0 0.232813 0.181481 0.051042 0.122222
0 0.593750 0.161111 0.085417 0.211111
0 0.693229 0.315741 0.040625 0.079630
1 0.251042 0.162963 0.018750 0.037037
1 0.560417 0.119444 0.027083 0.046296
1 0.622917 0.128704 0.022917 0.050000
1 0.106771 0.050926 0.021875 0.031481
1 0.219271 0.159259 0.021875 0.029630
1 0.684896 0.296296 0.019792 0.025926
3 0.098958 0.078704 0.027083 0.061111
2 0.126042 0.079630 0.016667 0.029630
2 0.228646 0.219444 0.023958 0.038889
3 0.268750 0.223148 0.037500 0.124074
3 0.221875 0.219444 0.029167 0.135185
3 0.547396 0.247222 0.055208 0.224074
3 0.620833 0.252778 0.039583 0.212963
2 0.594792 0.228704 0.050000 0.083333
2 0.695312 0.337963 0.023958 0.031481
3 0.673438 0.348148 0.021875 0.103704
3 0.697917 0.379630 0.012500 0.055556
