0 0.086426 0.371608 0.038086 0.100209
0 0.777344 0.262004 0.054688 0.177453
0 0.875977 0.418580 0.066406 0.198330
1 0.846680 0.390397 0.019531 0.037578
1 0.898438 0.383090 0.019531 0.039666
1 0.754883 0.239040 0.017578 0.035491
1 0.796875 0.228601 0.021484 0.043841
1 0.074219 0.360125 0.013672 0.031315
1 0.098145 0.360125 0.016602 0.027140
3 0.062012 0.329854 0.024414 0.045929
3 0.110352 0.328810 0.021484 0.043841
2 0.085938 0.396660 0.019531 0.033403
2 0.876953 0.482255 0.035156 0.062630
3 0.830078 0.347599 0.035156 0.060543
3 0.915039 0.339248 0.037109 0.077244
2 0.778320 0.312109 0.029297 0.064718
3 0.737793 0.197286 0.030273 0.068894
3 0.807129 0.181628 0.026367 0.066806
