0 0.138672 0.807943 0.193359 0.365885
0 0.358398 0.428385 0.107422 0.184896
0 0.549316 0.440755 0.229492 0.389323
0 0.717773 0.675130 0.121094 0.240885
0 0.890137 0.520182 0.118164 0.225260
0 0.931641 0.390625 0.058594 0.078125
1 0.062012 0.744141 0.055664 0.071615
1 0.211914 0.693359 0.052734 0.063802
1 0.315430 0.378255 0.037109 0.048177
1 0.397461 0.375651 0.029297 0.045573
1 0.644043 0.369141 0.055664 0.074219
1 0.479004 0.323568 0.041992 0.053385
1 0.667969 0.593099 0.039062 0.048177
1 0.767090 0.639974 0.038086 0.048177
1 0.865723 0.470052 0.034180 0.049479
1 0.923340 0.365234 0.022461 0.024740
3 0.217773 0.511068 0.083984 0.201823
3 0.024414 0.613281 0.046875 0.078125
2 0.179688 0.940755 0.089844 0.095052
2 0.367676 0.485677 0.053711 0.067708
2 0.495117 0.547526 0.111328 0.167969
3 0.407715 0.307943 0.145508 0.128906
3 0.734375 0.376953 0.130859 0.115885
2 0.698730 0.751302 0.063477 0.091146
3 0.648926 0.550781 0.043945 0.049479
3 0.831543 0.641927 0.106445 0.096354
2 0.914062 0.598307 0.056641 0.063802
3 0.824707 0.518229 0.069336 0.166667
2 0.913086 0.417318 0.025391 0.035156
3 0.957031 0.430339 0.025391 0.071615
3 0.281738 0.396484 0.055664 0.105469
