0 0.185059 0.255900 0.129883 0.157817
0 0.423340 0.529499 0.116211 0.159292
0 0.716309 0.578909 0.055664 0.119469
0 0.363770 0.258850 0.041992 0.072271
0 0.949219 0.320796 0.035156 0.069322
0 0.091309 0.252950 0.034180 0.063422
1 0.214844 0.228614 0.029297 0.038348
1 0.447266 0.518437 0.031250 0.036873
3 0.466309 0.521386 0.034180 0.069322
2 0.379883 0.543510 0.029297 0.069322
3 0.223145 0.265487 0.069336 0.079646
2 0.145020 0.221976 0.043945 0.069322
3 0.716797 0.578909 0.029297 0.089971
3 0.346680 0.268437 0.019531 0.032448
2 0.377930 0.280973 0.013672 0.019174
3 0.930176 0.301622 0.024414 0.025074
