0 0.461426 0.419355 0.086914 0.161290
1 0.442383 0.403959 0.027344 0.042522
0 0.754883 0.153959 0.097656 0.175953
0 0.941895 0.361437 0.116211 0.180352
1 0.729004 0.121701 0.026367 0.041056
1 0.924805 0.332845 0.033203 0.046921
2 0.477539 0.471408 0.039062 0.054252
3 0.574707 0.520528 0.077148 0.058651
3 0.415527 0.351173 0.038086 0.092375
3 0.518555 0.368768 0.048828 0.054252
2 0.770020 0.199413 0.051758 0.073314
2 0.975098 0.423021 0.043945 0.060117
3 0.909668 0.313050 0.063477 0.048387
3 0.971680 0.306452 0.037109 0.035191
3 0.706543 0.115836 0.026367 0.043988
3 0.811035 0.146628 0.032227 0.061584
