0 0.041504 0.427734 0.057617 0.061198
0 0.129883 0.458659 0.048828 0.061849
0 0.256836 0.607422 0.060547 0.082031
0 0.570801 0.534505 0.076172 0.092448
0 0.283936 0.396159 0.057129 0.051432
0 0.248047 0.388997 0.036133 0.052734
0 0.353760 0.275391 0.019043 0.033854
0 0.525391 0.384115 0.039062 0.052083
0 0.536133 0.433594 0.052734 0.055990
0 0.774170 0.352214 0.029785 0.054688
0 0.659424 0.298503 0.022949 0.042318
0 0.867920 0.378906 0.036621 0.062500
0 0.645508 0.253906 0.015625 0.028646
0 0.976807 0.426432 0.046387 0.071615
0 0.345459 0.339193 0.027832 0.036458
0 0.746338 0.255208 0.019043 0.031250
1 0.286133 0.385417 0.017578 0.026042
1 0.876465 0.370768 0.015625 0.017578
3 0.041504 0.430339 0.041992 0.032552
3 0.124512 0.471680 0.038086 0.055339
3 0.235596 0.606445 0.064941 0.043620
2 0.236084 0.400391 0.012207 0.020833
2 0.261963 0.402995 0.014160 0.022135
2 0.338135 0.347656 0.010254 0.013021
3 0.332764 0.328451 0.014160 0.013672
3 0.355957 0.333984 0.008789 0.016927
2 0.353760 0.286458 0.010254 0.010417
3 0.305420 0.405924 0.023926 0.051432
2 0.542969 0.550130 0.021484 0.036458
3 0.573242 0.535807 0.051758 0.046875
3 0.546875 0.423503 0.033203 0.027995
2 0.518555 0.441406 0.017578 0.029948
3 0.537842 0.371419 0.021973 0.020182
2 0.514160 0.397461 0.013672 0.017578
3 0.515381 0.365885 0.017090 0.011719
3 0.757324 0.331055 0.014648 0.018880
3 0.790039 0.334310 0.017578 0.013672
1 0.770752 0.342122 0.017090 0.017578
2 0.779785 0.367188 0.015625 0.016927
2 0.859131 0.400065 0.012207 0.016276
3 0.884766 0.383464 0.021484 0.039062
3 0.852539 0.377279 0.017578 0.037109
3 0.669922 0.299479 0.015625 0.028646
2 0.652588 0.310221 0.010254 0.012370
3 0.747559 0.254232 0.014648 0.014974
3 0.645508 0.251628 0.011719 0.009766
2 0.962891 0.442057 0.026367 0.035156
