0 0.617839 0.147217 0.091146 0.065918
0 0.892253 0.229004 0.192057 0.152344
3 0.852539 0.234131 0.156901 0.074707
2 0.955404 0.271973 0.059245 0.057617
3 0.567708 0.148682 0.040365 0.030762
2 0.645508 0.162354 0.029297 0.021973
1 0.608398 0.140381 0.034505 0.017090
3 0.912760 0.016846 0.037760 0.032715
3 0.842773 0.018555 0.030599 0.034180
0 0.319661 0.046631 0.033854 0.025879
1 0.314779 0.043213 0.021484 0.010254
2 0.329102 0.053223 0.017578 0.010742
3 0.308594 0.057617 0.026042 0.029297
3 0.039714 0.180420 0.015625 0.012207
0 0.116211 0.148682 0.047526 0.042480
3 0.099284 0.132812 0.041016 0.017578
2 0.108073 0.162842 0.019531 0.013184
