0 0.416504 0.603067 0.041992 0.069939
0 0.407715 0.930675 0.092773 0.119018
0 0.760254 0.523926 0.040039 0.068712
0 0.582520 0.533742 0.059570 0.058896
1 0.430176 0.594479 0.024414 0.025767
1 0.398926 0.595706 0.020508 0.028221
1 0.768555 0.517178 0.019531 0.025767
3 0.116211 0.573620 0.070312 0.047853
0 0.133301 0.576687 0.086914 0.078528
2 0.163574 0.597546 0.030273 0.036810
3 0.340820 0.525153 0.068359 0.051534
3 0.286621 0.668098 0.061523 0.057669
2 0.297363 0.710429 0.024414 0.029448
2 0.414551 0.623313 0.026367 0.026994
3 0.382812 0.588344 0.031250 0.030675
3 0.507812 0.541104 0.048828 0.041718
3 0.394043 0.940491 0.100586 0.069939
2 0.435059 0.972393 0.036133 0.042945
3 0.536621 0.595706 0.047852 0.052761
3 0.516602 0.523926 0.044922 0.046626
3 0.598145 0.475460 0.038086 0.028221
3 0.667480 0.495706 0.028320 0.044172
3 0.680176 0.513497 0.063477 0.050307
3 0.790527 0.519018 0.028320 0.026994
0 0.809082 0.524540 0.049805 0.074847
3 0.585449 0.576074 0.024414 0.040491
3 0.566406 0.562577 0.025391 0.020859
1 0.578613 0.539877 0.028320 0.031902
2 0.600098 0.525153 0.026367 0.034356
2 0.746094 0.544785 0.017578 0.022086
3 0.437988 0.546626 0.034180 0.033129
