0 0.313542 0.426852 0.072917 0.146296
0 0.868229 0.456481 0.055208 0.138889
0 0.344271 0.253704 0.038542 0.088889
1 0.327083 0.406481 0.029167 0.042593
1 0.332292 0.231481 0.016667 0.025926
1 0.850521 0.428704 0.019792 0.031481
1 0.886458 0.434259 0.020833 0.031481
3 0.341146 0.479630 0.065625 0.151852
2 0.289583 0.469444 0.027083 0.053704
3 0.329167 0.264815 0.022917 0.088889
2 0.344792 0.282407 0.020833 0.031481
3 0.459896 0.385185 0.019792 0.055556
0 0.472396 0.371296 0.034375 0.064815
2 0.477604 0.389815 0.017708 0.024074
2 0.861458 0.500926 0.031250 0.046296
3 0.885417 0.526852 0.039583 0.168519
3 0.830729 0.500926 0.044792 0.168519
