0 0.038194 0.196296 0.065278 0.103704
0 0.647222 0.281481 0.086111 0.166667
0 0.136806 0.191667 0.031944 0.046296
0 0.950000 0.212037 0.058333 0.079630
1 0.684722 0.248148 0.036111 0.037037
2 0.053472 0.225000 0.029167 0.042593
3 0.025694 0.263889 0.048611 0.142593
1 0.018750 0.184259 0.029167 0.031481
3 0.133333 0.200926 0.027778 0.050000
2 0.647222 0.332407 0.050000 0.061111
3 0.597917 0.353704 0.056944 0.211111
1 0.611806 0.248148 0.037500 0.037037
3 0.681944 0.371296 0.052778 0.205556
2 0.934028 0.230556 0.023611 0.027778
