0 0.532813 0.172222 0.069792 0.218519
0 0.787500 0.104630 0.031250 0.057407
0 0.964063 0.172222 0.030208 0.066667
1 0.559896 0.141667 0.030208 0.046296
1 0.785417 0.098148 0.016667 0.018519
1 0.957292 0.157407 0.014583 0.022222
1 0.976042 0.161111 0.012500 0.018519
0 0.145833 0.033333 0.031250 0.062963
2 0.136979 0.050926 0.013542 0.024074
1 0.144271 0.024074 0.017708 0.022222
3 0.155208 0.044444 0.018750 0.044444
3 0.204167 0.051852 0.031250 0.100000
3 0.289062 0.034259 0.048958 0.064815
2 0.531771 0.250926 0.036458 0.061111
3 0.564583 0.278704 0.043750 0.238889
3 0.481250 0.258333 0.045833 0.261111
1 0.504687 0.137037 0.032292 0.051852
3 0.642188 0.096296 0.015625 0.055556
2 0.794271 0.120370 0.015625 0.025926
2 0.960938 0.193519 0.015625 0.024074
3 0.980208 0.200000 0.018750 0.066667
3 0.942187 0.185185 0.021875 0.062963
