0 0.290104 0.304167 0.211458 0.413889
0 0.648438 0.771528 0.182292 0.365278
0 0.347917 0.879167 0.131250 0.241667
1 0.207292 0.229167 0.054167 0.066667
1 0.350521 0.238889 0.059375 0.069444
1 0.581250 0.704861 0.062500 0.073611
1 0.709896 0.724306 0.051042 0.062500
2 0.330208 0.972917 0.070833 0.054167
3 0.439583 0.900000 0.087500 0.200000
2 0.275521 0.447917 0.130208 0.162500
3 0.444792 0.395833 0.154167 0.400000
3 0.180208 0.485417 0.114583 0.190278
2 0.634375 0.906250 0.075000 0.073611
3 0.703646 0.843056 0.103125 0.236111
3 0.550000 0.831944 0.087500 0.275000
1 0.377083 0.875694 0.068750 0.070833
