0 0.235352 0.439453 0.078125 0.097656
0 0.782715 0.546875 0.055664 0.078125
0 0.964844 0.516276 0.029297 0.048177
1 0.251465 0.430339 0.036133 0.035156
1 0.765137 0.531901 0.030273 0.029948
1 0.801758 0.531901 0.031250 0.032552
3 0.271484 0.422526 0.017578 0.042969
3 0.211914 0.424479 0.025391 0.026042
2 0.212891 0.467448 0.033203 0.041667
3 0.750488 0.526693 0.028320 0.022135
3 0.812988 0.529948 0.018555 0.023438
2 0.785645 0.567057 0.026367 0.035156
2 0.965820 0.527995 0.015625 0.019531
3 0.951172 0.508464 0.015625 0.016927
3 0.982910 0.508464 0.016602 0.014323
