0 0.381348 0.307353 0.041992 0.082353
0 0.545898 0.344853 0.033203 0.066176
0 0.389160 0.847059 0.047852 0.108824
0 0.606934 0.818382 0.053711 0.113235
1 0.407227 0.838971 0.011719 0.022059
1 0.600586 0.819118 0.015625 0.026471
1 0.393555 0.304412 0.013672 0.020588
1 0.369141 0.299265 0.013672 0.025000
1 0.538086 0.339706 0.015625 0.017647
2 0.549805 0.362500 0.015625 0.019118
3 0.530273 0.330147 0.013672 0.022059
3 0.562988 0.330882 0.010742 0.017647
3 0.404785 0.291912 0.014648 0.019118
2 0.373047 0.333088 0.017578 0.027941
3 0.365723 0.803676 0.022461 0.025000
3 0.414551 0.799265 0.020508 0.033824
2 0.391113 0.888235 0.022461 0.020588
3 0.593262 0.778676 0.016602 0.027941
