0 0.767090 0.556641 0.081055 0.062500
0 0.692383 0.454102 0.074219 0.060547
0 0.280762 0.542969 0.104492 0.117188
1 0.254883 0.536133 0.048828 0.035156
1 0.676270 0.447266 0.038086 0.029297
1 0.746094 0.554688 0.035156 0.031250
2 0.714844 0.446289 0.025391 0.027344
3 0.674805 0.489258 0.048828 0.060547
3 0.721680 0.483398 0.027344 0.041016
2 0.311523 0.584473 0.037109 0.028320
0 0.468750 0.702148 0.080078 0.125000
1 0.494629 0.674805 0.026367 0.025391
3 0.410645 0.691895 0.065430 0.075195
3 0.532227 0.682129 0.070312 0.073242
