0 0.340332 0.508076 0.057617 0.085169
0 0.412598 0.560940 0.036133 0.088106
0 0.800293 0.604993 0.055664 0.082232
1 0.346680 0.499266 0.027344 0.026432
1 0.400879 0.560940 0.020508 0.026432
1 0.424805 0.558003 0.021484 0.026432
1 0.789551 0.605727 0.024414 0.033774
1 0.817383 0.602056 0.021484 0.023495
2 0.325684 0.533774 0.022461 0.030837
2 0.414062 0.585903 0.021484 0.026432
2 0.808105 0.629956 0.022461 0.023495
3 0.324219 0.473568 0.021484 0.022026
3 0.360352 0.482379 0.013672 0.030837
3 0.390137 0.544053 0.020508 0.024963
3 0.434082 0.535242 0.016602 0.024963
3 0.775879 0.582966 0.018555 0.035242
3 0.826660 0.585169 0.020508 0.027900
