0 0.096680 0.623348 0.142578 0.277533
0 0.376465 0.284141 0.083008 0.154185
0 0.411133 0.591777 0.111328 0.243759
0 0.581055 0.389868 0.105469 0.215859
0 0.746094 0.495595 0.105469 0.248164
0 0.248047 0.118943 0.035156 0.067548
0 0.914551 0.166667 0.045898 0.083700
1 0.038086 0.588106 0.031250 0.036711
1 0.134766 0.567548 0.037109 0.057269
1 0.374512 0.546990 0.028320 0.045521
1 0.451172 0.543319 0.027344 0.041116
1 0.542969 0.348018 0.031250 0.041116
1 0.617676 0.341410 0.028320 0.036711
1 0.703125 0.441263 0.031250 0.051395
1 0.791016 0.441263 0.033203 0.048458
1 0.348633 0.266520 0.027344 0.036711
2 0.098633 0.724670 0.066406 0.080764
3 0.172852 0.488987 0.078125 0.126285
3 0.021973 0.530103 0.041992 0.061674
2 0.413086 0.674009 0.048828 0.064611
3 0.341309 0.467695 0.067383 0.092511
3 0.482422 0.464758 0.060547 0.098385
2 0.386719 0.334068 0.031250 0.039648
3 0.319336 0.218796 0.033203 0.064611
3 0.419434 0.225404 0.038086 0.060206
3 0.506348 0.300294 0.067383 0.086637
3 0.646973 0.273862 0.063477 0.113069
3 0.659180 0.382526 0.080078 0.095448
3 0.832520 0.383260 0.086914 0.082232
2 0.748047 0.582232 0.064453 0.069016
2 0.585938 0.465492 0.048828 0.058737
3 0.888672 0.135095 0.023438 0.035242
3 0.946777 0.136564 0.026367 0.035242
3 0.270996 0.089574 0.018555 0.032305
