0 0.205833 0.490953 0.170000 0.395657
0 0.448333 0.214717 0.176667 0.400483
0 0.687500 0.325090 0.161667 0.377563
0 0.895000 0.297346 0.146667 0.290712
1 0.269167 0.440290 0.053333 0.086852
1 0.512500 0.159228 0.048333 0.089264
1 0.751250 0.295537 0.037500 0.072376
1 0.948333 0.276236 0.036667 0.067551
1 0.133333 0.436671 0.053333 0.079614
1 0.377500 0.148975 0.055000 0.075995
1 0.619167 0.268999 0.048333 0.062726
1 0.837083 0.238842 0.042500 0.079614
2 0.201667 0.621230 0.093333 0.130277
2 0.438333 0.351628 0.078333 0.107358
2 0.674167 0.444511 0.085000 0.112183
2 0.872083 0.390832 0.067500 0.096502
3 0.120833 0.554885 0.098333 0.306393
3 0.298333 0.536791 0.081667 0.255730
3 0.544167 0.264777 0.095000 0.326900
3 0.328333 0.250905 0.085000 0.303981
3 0.583333 0.402895 0.065000 0.361882
3 0.747500 0.400483 0.080000 0.270205
3 0.955000 0.419180 0.061667 0.307600
3 0.809167 0.356454 0.066667 0.300362
