0 0.029167 0.181481 0.056250 0.137037
0 0.417187 0.233333 0.053125 0.125926
1 0.045833 0.168519 0.022917 0.048148
1 0.006771 0.166667 0.011458 0.033333
1 0.432292 0.216667 0.014583 0.040741
1 0.397917 0.212963 0.014583 0.037037
0 0.469792 0.149074 0.031250 0.057407
1 0.470313 0.140741 0.019792 0.025926
2 0.033333 0.222222 0.029167 0.040741
3 0.060937 0.258333 0.038542 0.164815
3 0.015104 0.271296 0.028125 0.120370
2 0.420312 0.272222 0.028125 0.044444
3 0.394792 0.279630 0.025000 0.122222
3 0.444271 0.274074 0.032292 0.114815
