0 0.081250 0.341667 0.070833 0.100000
0 0.714063 0.256944 0.034375 0.055556
0 0.606771 0.372917 0.048958 0.070833
0 0.505729 0.253472 0.040625 0.065278
0 0.900000 0.375694 0.062500 0.098611
1 0.089583 0.329167 0.035417 0.044444
1 0.916667 0.374306 0.022917 0.031944
1 0.605729 0.365278 0.023958 0.022222
1 0.501042 0.241667 0.020833 0.019444
1 0.707292 0.255556 0.018750 0.019444
2 0.059896 0.372222 0.028125 0.033333
3 0.109375 0.388194 0.052083 0.115278
3 0.072396 0.412500 0.028125 0.055556
3 0.593750 0.415972 0.039583 0.098611
3 0.620313 0.433333 0.030208 0.063889
2 0.621875 0.389583 0.018750 0.026389
2 0.512500 0.270139 0.018750 0.023611
3 0.497396 0.278472 0.030208 0.059722
3 0.698438 0.294444 0.021875 0.080556
3 0.726042 0.309722 0.020833 0.047222
2 0.721875 0.274306 0.014583 0.018056
2 0.885417 0.406250 0.027083 0.040278
3 0.920833 0.440278 0.037500 0.136111
3 0.866667 0.433333 0.031250 0.130556
