0 0.394043 0.635417 0.165039 0.333333
0 0.824219 0.472656 0.171875 0.283854
0 0.353516 0.352214 0.123047 0.214844
0 0.346191 0.110026 0.106445 0.204427
0 0.557129 0.146484 0.079102 0.147135
0 0.657227 0.278646 0.095703 0.161458
0 0.172363 0.287109 0.098633 0.167969
0 0.082520 0.139323 0.075195 0.125000
0 0.038086 0.426432 0.074219 0.212240
0 0.864258 0.229167 0.107422 0.190104
1 0.322754 0.597656 0.038086 0.044271
1 0.440430 0.558594 0.035156 0.041667
1 0.752930 0.415365 0.041016 0.052083
1 0.303223 0.072917 0.024414 0.039062
1 0.377930 0.061198 0.027344 0.049479
1 0.816895 0.190104 0.024414 0.041667
1 0.617676 0.259115 0.032227 0.036458
1 0.690430 0.250000 0.029297 0.031250
3 0.259277 0.539062 0.108398 0.093750
3 0.474121 0.486979 0.104492 0.083333
2 0.427246 0.755859 0.081055 0.089844
2 0.027832 0.497396 0.053711 0.057292
3 0.105957 0.347656 0.081055 0.067708
3 0.097656 0.195312 0.064453 0.052083
3 0.228027 0.195964 0.067383 0.092448
3 0.022461 0.117188 0.041016 0.041667
3 0.126953 0.099609 0.042969 0.069010
3 0.270996 0.050130 0.049805 0.058594
3 0.400879 0.049479 0.053711 0.046875
3 0.257812 0.289714 0.074219 0.071615
3 0.423340 0.261068 0.061523 0.079427
3 0.504883 0.098958 0.050781 0.059896
3 0.616211 0.099609 0.048828 0.048177
3 0.576172 0.246745 0.072266 0.063802
3 0.727539 0.197917 0.056641 0.059896
3 0.774414 0.169922 0.066406 0.066406
3 0.947754 0.119792 0.065430 0.085938
3 0.691406 0.380208 0.097656 0.101562
3 0.942871 0.349609 0.106445 0.123698
2 0.363770 0.421875 0.075195 0.088542
2 0.829590 0.569010 0.096680 0.088542
2 0.873535 0.293620 0.067383 0.066406
2 0.182129 0.341146 0.049805 0.059896
2 0.354980 0.163411 0.059570 0.071615
2 0.559082 0.192057 0.041992 0.050781
2 0.672852 0.332682 0.050781 0.045573
