0 0.350098 0.400391 0.073242 0.141927
0 0.648926 0.417969 0.106445 0.114583
0 0.589844 0.216146 0.111328 0.221354
1 0.376465 0.391927 0.026367 0.044271
1 0.627930 0.419922 0.029297 0.042969
1 0.572266 0.186198 0.033203 0.044271
3 0.302734 0.314453 0.056641 0.089844
3 0.383789 0.298828 0.044922 0.108073
3 0.314453 0.432292 0.080078 0.046875
2 0.352539 0.462240 0.035156 0.033854
2 0.675781 0.438151 0.035156 0.042969
3 0.562988 0.408854 0.067383 0.059896
3 0.596191 0.351562 0.036133 0.049479
3 0.576660 0.156901 0.118164 0.063802
2 0.563477 0.296875 0.056641 0.072917
