0 0.165039 0.707906 0.041016 0.074671
0 0.482422 0.744510 0.033203 0.054173
0 0.605469 0.682284 0.037109 0.084919
0 0.688477 0.603221 0.041016 0.079063
0 0.733887 0.618594 0.036133 0.080527
0 0.953613 0.669107 0.036133 0.064422
1 0.166016 0.702050 0.015625 0.019034
1 0.481934 0.741581 0.014648 0.019034
1 0.612305 0.677892 0.019531 0.023426
1 0.690430 0.592972 0.021484 0.023426
1 0.737305 0.613470 0.017578 0.020498
0 0.466797 0.726940 0.029297 0.054173
1 0.469727 0.724012 0.015625 0.019034
1 0.242676 0.691801 0.018555 0.021962
2 0.152832 0.731332 0.016602 0.024890
3 0.176758 0.693997 0.011719 0.023426
3 0.259766 0.681552 0.015625 0.024890
2 0.461914 0.745242 0.013672 0.017570
2 0.472168 0.762079 0.012695 0.019034
3 0.497070 0.735725 0.015625 0.021962
2 0.599121 0.711567 0.018555 0.023426
3 0.631348 0.678624 0.020508 0.039531
2 0.678223 0.629575 0.018555 0.026354
2 0.726074 0.647145 0.018555 0.023426
3 0.702637 0.584919 0.016602 0.019034
3 0.674316 0.585652 0.012695 0.020498
3 0.723145 0.598097 0.016602 0.019034
3 0.750488 0.601025 0.016602 0.019034
1 0.858887 0.580527 0.014648 0.016105
3 0.876465 0.571010 0.020508 0.020498
3 0.938965 0.660322 0.016602 0.020498
3 0.969727 0.654466 0.013672 0.026354
2 0.947754 0.687408 0.020508 0.021962
