0 0.191214 0.423077 0.063307 0.129736
0 0.421512 0.224455 0.043282 0.092997
0 0.626938 0.413892 0.051034 0.111366
0 0.636628 0.248565 0.035530 0.067738
0 0.525840 0.260620 0.037468 0.080367
0 0.446382 0.179679 0.032300 0.063146
0 0.646964 0.516648 0.030362 0.066590
1 0.204780 0.411022 0.024548 0.043628
1 0.409884 0.213548 0.017442 0.039036
1 0.625323 0.229047 0.018088 0.030999
1 0.645995 0.235362 0.015504 0.034443
1 0.181848 0.713548 0.034238 0.053961
1 0.379522 0.757750 0.029070 0.059701
1 0.521318 0.247991 0.018088 0.025258
1 0.451550 0.170494 0.016796 0.028703
1 0.622416 0.395522 0.029070 0.037887
3 0.190568 0.796211 0.056848 0.129736
3 0.220284 0.452928 0.038760 0.118255
2 0.173773 0.462113 0.031008 0.049369
3 0.168282 0.276693 0.014858 0.036739
3 0.213824 0.282434 0.016796 0.041332
3 0.385013 0.191734 0.028424 0.064294
2 0.432171 0.251435 0.019380 0.029851
2 0.535853 0.287026 0.017442 0.025258
3 0.388889 0.380597 0.028424 0.053961
3 0.407946 0.761768 0.031654 0.076923
3 0.608527 0.405855 0.024548 0.081515
3 0.618540 0.246843 0.016150 0.055109
3 0.651809 0.252009 0.011628 0.056257
2 0.635336 0.266935 0.017442 0.026406
2 0.640827 0.452928 0.024548 0.028703
