0 0.139648 0.745601 0.041016 0.086510
0 0.470215 0.291789 0.040039 0.070381
0 0.232422 0.520528 0.042969 0.058651
0 0.812500 0.483871 0.039062 0.070381
1 0.475098 0.280792 0.014648 0.021994
1 0.801758 0.469208 0.017578 0.020528
2 0.133301 0.777859 0.018555 0.024927
2 0.219238 0.534457 0.016602 0.027859
3 0.120117 0.712610 0.027344 0.023460
3 0.168945 0.720674 0.033203 0.021994
3 0.249023 0.509531 0.029297 0.024927
3 0.220703 0.487537 0.021484 0.013196
3 0.617676 0.521261 0.032227 0.033724
3 0.676270 0.527126 0.032227 0.027859
3 0.835449 0.449413 0.022461 0.019062
3 0.790527 0.468475 0.018555 0.021994
2 0.822266 0.505865 0.017578 0.023460
2 0.459473 0.315982 0.016602 0.019062
3 0.483887 0.276393 0.012695 0.019062
3 0.943359 0.378299 0.027344 0.020528
