0 0.768056 0.279630 0.077778 0.148148
0 0.631944 0.217593 0.052778 0.098148
0 0.835417 0.198148 0.034722 0.081481
0 0.396528 0.167593 0.062500 0.083333
1 0.744444 0.255556 0.036111 0.048148
1 0.651389 0.198148 0.022222 0.029630
3 0.815278 0.292593 0.044444 0.174074
3 0.722917 0.309259 0.037500 0.174074
2 0.770833 0.330556 0.044444 0.046296
2 0.649306 0.250926 0.023611 0.035185
3 0.622917 0.236111 0.031944 0.090741
0 0.781944 0.057407 0.030556 0.062963
3 0.794444 0.060185 0.013889 0.038889
3 0.765972 0.056481 0.018056 0.042593
3 0.363194 0.178704 0.031944 0.083333
2 0.416667 0.194444 0.025000 0.033333
