0 0.275000 0.469444 0.062500 0.083333
0 0.514062 0.077778 0.034375 0.058333
0 0.869271 0.224306 0.044792 0.084722
0 0.973958 0.111806 0.039583 0.056944
0 0.554167 0.050694 0.014583 0.029167
1 0.255729 0.468056 0.023958 0.033333
1 0.860938 0.209028 0.023958 0.026389
1 0.970833 0.106944 0.020833 0.019444
3 0.250521 0.761111 0.084375 0.066667
3 0.275521 0.498611 0.038542 0.094444
3 0.572396 0.085417 0.015625 0.020833
3 0.498437 0.071528 0.019792 0.031944
2 0.525000 0.097222 0.012500 0.016667
2 0.863542 0.254167 0.018750 0.019444
3 0.967708 0.102778 0.025000 0.016667
3 0.971354 0.084722 0.017708 0.016667
3 0.847917 0.197917 0.025000 0.040278
3 0.904167 0.200000 0.035417 0.025000
2 0.986458 0.127778 0.014583 0.019444
