0 0.161806 0.467412 0.043056 0.063315
0 0.647917 0.385475 0.026389 0.048417
0 0.225694 0.525140 0.045833 0.081937
0 0.411806 0.393855 0.023611 0.039106
0 0.340278 0.530726 0.050000 0.078212
0 0.547917 0.611732 0.051389 0.076350
0 0.736806 0.499069 0.031944 0.055866
0 0.508333 0.375233 0.025000 0.046555
0 0.336806 0.913408 0.065278 0.113594
0 0.791667 0.631285 0.036111 0.074488
0 0.818056 0.536313 0.030556 0.055866
0 0.888194 0.556797 0.034722 0.059590
0 0.543056 0.896648 0.058333 0.117318
0 0.635417 0.772812 0.037500 0.085661
0 0.574306 0.488827 0.034722 0.065177
1 0.561806 0.886406 0.020833 0.037244
1 0.522917 0.878026 0.029167 0.039106
1 0.649306 0.377095 0.018056 0.027933
1 0.330556 0.527002 0.022222 0.026071
2 0.170833 0.482309 0.019444 0.022346
2 0.224306 0.548417 0.026389 0.027933
2 0.355556 0.554935 0.019444 0.026071
3 0.205556 0.543762 0.013889 0.081937
3 0.250694 0.540037 0.018056 0.085661
3 0.193056 0.798883 0.033333 0.100559
3 0.411806 0.395717 0.012500 0.027933
3 0.564583 0.658287 0.026389 0.124767
2 0.638194 0.394786 0.012500 0.018622
3 0.497917 0.375233 0.012500 0.027933
3 0.526389 0.378026 0.013889 0.026071
3 0.661806 0.392924 0.015278 0.040968
3 0.636806 0.800745 0.026389 0.085661
2 0.541667 0.941341 0.033333 0.035382
3 0.506944 0.913408 0.027778 0.094972
3 0.569444 0.924581 0.019444 0.083799
2 0.545833 0.633147 0.022222 0.026071
3 0.361806 0.944134 0.031944 0.108007
2 0.814583 0.553073 0.018056 0.018622
2 0.884028 0.578212 0.018056 0.020484
1 0.893750 0.552142 0.015278 0.020484
3 0.734722 0.505587 0.025000 0.039106
