0 0.518555 0.637628 0.103516 0.200586
1 0.547852 0.590044 0.029297 0.035139
1 0.480469 0.601757 0.029297 0.043924
0 0.072266 0.546852 0.044922 0.071742
2 0.062012 0.568814 0.024414 0.024890
3 0.053223 0.513909 0.018555 0.023426
3 0.091309 0.523426 0.016602 0.030747
3 0.005371 0.485359 0.008789 0.030747
3 0.036133 0.480966 0.013672 0.036603
3 0.346680 0.485359 0.013672 0.019034
3 0.357422 0.508785 0.019531 0.016105
3 0.453125 0.540264 0.062500 0.067350
3 0.566895 0.525622 0.049805 0.081991
0 0.341309 0.524158 0.020508 0.052709
2 0.523926 0.703514 0.047852 0.060029
0 0.969238 0.957540 0.059570 0.084919
1 0.959473 0.967789 0.026367 0.038067
3 0.934082 0.909224 0.036133 0.076135
2 0.339844 0.538799 0.017578 0.023426
