0 0.216797 0.353354 0.050781 0.098284
0 0.490723 0.824493 0.071289 0.179407
0 0.246094 0.745710 0.076172 0.180967
0 0.041016 0.572543 0.070312 0.146646
0 0.204590 0.499220 0.051758 0.124805
0 0.660645 0.528081 0.055664 0.117005
0 0.407715 0.723089 0.073242 0.170047
0 0.506348 0.574103 0.057617 0.124805
0 0.615723 0.425117 0.047852 0.098284
0 0.577637 0.571763 0.047852 0.104524
0 0.348145 0.372855 0.041992 0.102964
0 0.322266 0.348674 0.037109 0.076443
0 0.023438 0.182527 0.031250 0.068643
0 0.513184 0.240250 0.032227 0.065523
0 0.606934 0.251950 0.036133 0.070203
0 0.528809 0.121685 0.020508 0.043682
0 0.549805 0.124025 0.025391 0.054602
0 0.585938 0.154446 0.025391 0.059282
0 0.608887 0.176287 0.036133 0.053042
0 0.395020 0.092824 0.022461 0.045242
0 0.379883 0.092044 0.019531 0.040562
0 0.621094 0.124805 0.023438 0.049922
0 0.711426 0.142746 0.022461 0.051482
0 0.763184 0.123245 0.024414 0.049922
0 0.805176 0.198908 0.036133 0.073323
0 0.787598 0.148206 0.024414 0.053042
0 0.796387 0.100624 0.020508 0.048362
0 0.752930 0.029641 0.019531 0.034321
1 0.216309 0.703588 0.024414 0.034321
1 0.270508 0.705148 0.029297 0.037441
1 0.386719 0.689548 0.027344 0.049922
1 0.435059 0.695008 0.026367 0.032761
1 0.470215 0.794852 0.028320 0.032761
1 0.511719 0.796412 0.029297 0.045242
1 0.292969 0.563183 0.027344 0.040562
1 0.333008 0.570983 0.025391 0.031201
1 0.407227 0.502340 0.023438 0.031201
1 0.018555 0.547582 0.025391 0.028081
1 0.062012 0.546802 0.032227 0.029641
1 0.183594 0.475819 0.019531 0.028081
1 0.218262 0.478159 0.026367 0.032761
1 0.521973 0.563963 0.024414 0.029641
1 0.645020 0.516381 0.022461 0.034321
1 0.676270 0.517161 0.024414 0.032761
1 0.232422 0.338534 0.019531 0.024961
1 0.200684 0.332293 0.020508 0.028081
1 0.310059 0.328393 0.016602 0.020281
1 0.360352 0.349454 0.017578 0.024961
1 0.329102 0.349454 0.013672 0.024961
1 0.502930 0.224649 0.011719 0.024961
1 0.523926 0.224649 0.016602 0.024961
1 0.105469 0.390016 0.019531 0.028081
1 0.074219 0.392356 0.017578 0.023401
1 0.013672 0.174727 0.013672 0.021841
1 0.032227 0.173167 0.013672 0.021841
1 0.119141 0.152106 0.011719 0.020281
1 0.140137 0.151326 0.014648 0.021841
1 0.435547 0.104524 0.011719 0.018721
1 0.447754 0.103744 0.010742 0.020281
1 0.594727 0.243370 0.017578 0.021841
1 0.616211 0.245710 0.017578 0.020281
0 0.852051 0.173947 0.041992 0.076443
1 0.614258 0.173947 0.013672 0.023401
1 0.374512 0.079563 0.008789 0.009360
1 0.400879 0.079563 0.006836 0.015601
2 0.487305 0.887676 0.035156 0.049922
3 0.529297 0.820593 0.029297 0.118565
3 0.457520 0.795632 0.038086 0.081123
2 0.400391 0.776911 0.035156 0.056162
3 0.431641 0.743370 0.017578 0.132605
2 0.231934 0.807332 0.041992 0.057722
3 0.289551 0.728549 0.028320 0.059282
3 0.206055 0.769111 0.027344 0.124805
2 0.030762 0.624805 0.036133 0.032761
3 0.091797 0.594384 0.048828 0.121685
3 0.010254 0.593604 0.018555 0.082683
2 0.193848 0.542902 0.024414 0.037441
3 0.230469 0.492200 0.025391 0.070203
3 0.183594 0.515601 0.015625 0.057722
3 0.239258 0.368175 0.013672 0.062402
3 0.197266 0.374415 0.019531 0.074883
3 0.063477 0.394696 0.023438 0.034321
2 0.213379 0.382995 0.024414 0.032761
2 0.317383 0.372855 0.019531 0.024961
2 0.341797 0.396256 0.029297 0.031201
1 0.478516 0.420437 0.021484 0.029641
1 0.508301 0.418877 0.018555 0.023401
3 0.530762 0.439158 0.043945 0.063963
2 0.657715 0.568643 0.026367 0.039002
3 0.624512 0.518721 0.034180 0.060842
3 0.690430 0.529641 0.029297 0.073323
3 0.647461 0.422777 0.033203 0.043682
3 0.582520 0.418877 0.028320 0.032761
0 0.613770 0.427457 0.040039 0.093604
1 0.626465 0.418877 0.018555 0.026521
3 0.667969 0.320593 0.027344 0.048362
0 0.640137 0.313573 0.032227 0.065523
1 0.648926 0.301872 0.012695 0.020281
1 0.627930 0.300312 0.013672 0.023401
0 0.716797 0.287832 0.031250 0.057722
2 0.603516 0.276131 0.017578 0.021841
3 0.591309 0.258970 0.010742 0.031201
3 0.619141 0.269891 0.009766 0.034321
2 0.509766 0.255850 0.017578 0.024961
3 0.498047 0.246490 0.011719 0.031201
3 0.532715 0.239470 0.010742 0.020281
2 0.801758 0.220749 0.017578 0.023401
3 0.788086 0.184087 0.015625 0.024961
3 0.831055 0.195788 0.027344 0.042122
2 0.711426 0.154446 0.012695 0.015601
1 0.706543 0.129485 0.008789 0.015601
1 0.716309 0.130265 0.006836 0.010920
3 0.723633 0.140406 0.009766 0.031201
3 0.700684 0.144306 0.006836 0.035881
2 0.763672 0.138066 0.013672 0.017161
2 0.794922 0.113105 0.011719 0.014041
1 0.791504 0.094384 0.008789 0.010920
1 0.801758 0.094384 0.009766 0.010920
3 0.787598 0.106864 0.008789 0.026521
0 0.827637 0.094384 0.016602 0.032761
2 0.825684 0.102184 0.008789 0.007800
1 0.832520 0.088924 0.006836 0.012480
3 0.836426 0.084243 0.006836 0.012480
2 0.528809 0.131825 0.010742 0.017161
1 0.523926 0.113885 0.008789 0.012480
1 0.534668 0.114665 0.008789 0.014041
2 0.546387 0.145866 0.016602 0.020281
2 0.582520 0.175507 0.014648 0.023401
2 0.598145 0.195008 0.014648 0.021841
3 0.634766 0.191888 0.023438 0.049922
1 0.626465 0.119345 0.010742 0.010920
1 0.615723 0.118565 0.006836 0.012480
3 0.636719 0.122465 0.017578 0.020281
3 0.608887 0.120905 0.016602 0.020281
2 0.752930 0.039782 0.009766 0.014041
0 0.350586 0.262871 0.031250 0.051482
2 0.851074 0.195008 0.018555 0.024961
0 0.869141 0.064743 0.017578 0.032761
2 0.868652 0.070983 0.012695 0.014041
0 0.703613 0.054602 0.016602 0.028081
1 0.707031 0.046802 0.007812 0.012480
1 0.696777 0.049922 0.008789 0.012480
1 0.759277 0.114665 0.006836 0.014041
1 0.770508 0.114665 0.007812 0.014041
1 0.865234 0.157566 0.009766 0.015601
0 0.656250 0.156786 0.023438 0.048362
1 0.662598 0.153666 0.012695 0.017161
