0 0.414551 0.252604 0.073242 0.148438
0 0.186035 0.379557 0.049805 0.087240
0 0.755371 0.466797 0.047852 0.102865
1 0.388184 0.229818 0.026367 0.027344
1 0.440430 0.222005 0.017578 0.024740
1 0.172852 0.371745 0.025391 0.027344
1 0.202637 0.360677 0.024414 0.028646
2 0.420410 0.302734 0.047852 0.045573
2 0.194824 0.402995 0.030273 0.027344
3 0.220215 0.347656 0.045898 0.028646
3 0.158203 0.378255 0.021484 0.048177
3 0.376465 0.203125 0.022461 0.031250
3 0.449707 0.194010 0.024414 0.036458
2 0.757324 0.503906 0.030273 0.028646
