0 0.400879 0.442057 0.040039 0.063802
0 0.570801 0.496094 0.032227 0.059896
0 0.782715 0.561849 0.049805 0.076823
1 0.775879 0.554688 0.026367 0.031250
1 0.392090 0.436849 0.022461 0.019531
1 0.414551 0.436198 0.016602 0.026042
0 0.026855 0.437500 0.012695 0.018229
3 0.030273 0.438151 0.007812 0.014323
3 0.100098 0.366536 0.008789 0.014323
0 0.042969 0.379557 0.011719 0.016927
3 0.112793 0.360026 0.010742 0.014323
2 0.407715 0.464193 0.018555 0.019531
2 0.573242 0.514323 0.019531 0.023438
3 0.387695 0.447266 0.013672 0.037760
3 0.419922 0.447917 0.011719 0.036458
3 0.551758 0.490885 0.017578 0.020833
3 0.592773 0.485677 0.017578 0.023438
3 0.753906 0.541016 0.017578 0.019531
3 0.763672 0.512370 0.017578 0.024740
2 0.797363 0.582682 0.020508 0.027344
