0 0.180729 0.399306 0.042708 0.048611
0 0.202083 0.391667 0.027083 0.050000
0 0.275521 0.461806 0.040625 0.045833
0 0.475521 0.407639 0.040625 0.062500
0 0.397917 0.374306 0.022917 0.048611
0 0.496354 0.361111 0.038542 0.036111
0 0.469792 0.252083 0.054167 0.084722
0 0.807813 0.107639 0.005208 0.009722
1 0.469792 0.239583 0.025000 0.031944
1 0.484896 0.396528 0.021875 0.023611
1 0.265104 0.461806 0.019792 0.020833
1 0.494792 0.352778 0.020833 0.019444
1 0.176563 0.393056 0.019792 0.019444
1 0.197396 0.386806 0.015625 0.020833
3 0.232292 0.361111 0.014583 0.038889
3 0.167187 0.421528 0.028125 0.048611
2 0.193750 0.409028 0.016667 0.020833
2 0.207813 0.406944 0.013542 0.016667
2 0.286979 0.472222 0.017708 0.025000
3 0.387500 0.390972 0.014583 0.051389
2 0.464062 0.422917 0.019792 0.023611
3 0.495833 0.423611 0.018750 0.080556
2 0.507812 0.368750 0.015625 0.020833
2 0.455729 0.269444 0.021875 0.047222
3 0.482292 0.290972 0.043750 0.104167
