0 0.062012 0.659505 0.116211 0.212240
0 0.476074 0.529948 0.245117 0.401042
0 0.775879 0.560547 0.155273 0.233073
0 0.721680 0.841797 0.197266 0.316406
1 0.563965 0.447917 0.073242 0.083333
1 0.086426 0.639974 0.041992 0.048177
1 0.833008 0.502604 0.037109 0.046875
1 0.638184 0.793620 0.038086 0.055990
1 0.779297 0.752604 0.048828 0.062500
3 0.143066 0.617188 0.071289 0.088542
3 0.352539 0.438151 0.097656 0.095052
3 0.655273 0.416016 0.117188 0.118490
2 0.421875 0.637370 0.132812 0.170573
2 0.747070 0.613932 0.087891 0.095052
3 0.701660 0.470703 0.055664 0.063802
3 0.890625 0.479167 0.085938 0.093750
3 0.622559 0.721354 0.047852 0.054688
3 0.858398 0.764974 0.113281 0.095052
2 0.727051 0.950521 0.124023 0.098958
