0 0.216797 0.512482 0.035156 0.064611
0 0.471680 0.523495 0.048828 0.077827
0 0.723145 0.615272 0.057617 0.102790
0 0.641602 0.437592 0.041016 0.061674
0 0.600098 0.382526 0.026367 0.045521
0 0.534180 0.392805 0.033203 0.051395
0 0.917969 0.779736 0.054688 0.105727
0 0.195801 0.441263 0.026367 0.045521
0 0.211426 0.365639 0.026367 0.041116
0 0.057129 0.392805 0.026367 0.042584
0 0.270020 0.348018 0.022461 0.038179
0 0.403809 0.444200 0.040039 0.057269
0 0.460938 0.427313 0.039062 0.058737
0 0.117188 0.345081 0.019531 0.029369
0 0.332520 0.334802 0.020508 0.026432
0 0.372559 0.314244 0.016602 0.023495
0 0.390137 0.307636 0.020508 0.030837
0 0.693848 0.248899 0.020508 0.030837
0 0.813965 0.615272 0.051758 0.099853
0 0.804688 0.525698 0.052734 0.070485
0 0.969727 0.403084 0.037109 0.051395
0 0.674805 0.400147 0.029297 0.045521
0 0.636719 0.389868 0.023438 0.036711
0 0.730469 0.265786 0.027344 0.041116
0 0.322266 0.297357 0.017578 0.030837
0 0.371094 0.386197 0.037109 0.044053
0 0.350098 0.427313 0.036133 0.058737
0 0.466797 0.310573 0.017578 0.027900
0 0.296875 0.290015 0.015625 0.022026
1 0.206055 0.505874 0.015625 0.016153
1 0.225098 0.502937 0.012695 0.016153
1 0.049805 0.389868 0.009766 0.016153
1 0.062012 0.385463 0.010742 0.016153
1 0.204102 0.361968 0.011719 0.013216
1 0.216309 0.361968 0.010742 0.013216
1 0.393555 0.434655 0.011719 0.017621
1 0.414551 0.436858 0.012695 0.019090
1 0.458008 0.509545 0.015625 0.020558
1 0.487305 0.509545 0.015625 0.020558
1 0.190430 0.433921 0.011719 0.013216
1 0.204590 0.433921 0.006836 0.010279
1 0.690430 0.245962 0.009766 0.013216
1 0.704102 0.599119 0.017578 0.020558
1 0.741211 0.599119 0.017578 0.020558
1 0.801758 0.597651 0.017578 0.023495
1 0.831055 0.594714 0.017578 0.020558
1 0.810547 0.509545 0.019531 0.023495
1 0.530762 0.386197 0.016602 0.020558
2 0.216797 0.530103 0.019531 0.023495
3 0.197266 0.485316 0.017578 0.027900
3 0.233887 0.485316 0.018555 0.027900
2 0.473145 0.546256 0.022461 0.029369
3 0.443848 0.499266 0.026367 0.023495
3 0.504395 0.506608 0.030273 0.020558
3 0.440430 0.409692 0.017578 0.020558
3 0.477051 0.409692 0.016602 0.017621
2 0.462891 0.444934 0.019531 0.020558
2 0.643555 0.458150 0.021484 0.023495
2 0.343262 0.447137 0.016602 0.019090
2 0.404297 0.458150 0.017578 0.026432
2 0.539551 0.409692 0.018555 0.017621
2 0.602051 0.395742 0.014648 0.019090
3 0.422852 0.427313 0.017578 0.023495
3 0.183594 0.430984 0.011719 0.016153
3 0.208008 0.423642 0.011719 0.019090
2 0.056641 0.400147 0.011719 0.013216
3 0.044434 0.386197 0.010742 0.014684
3 0.063965 0.378855 0.010742 0.020558
3 0.089844 0.328194 0.007812 0.010279
3 0.100098 0.328194 0.008789 0.016153
3 0.122559 0.334802 0.008789 0.014684
2 0.212891 0.375918 0.013672 0.014684
3 0.197266 0.359031 0.011719 0.013216
3 0.223145 0.359031 0.010742 0.016153
3 0.207520 0.310573 0.010742 0.016153
3 0.220215 0.307636 0.006836 0.010279
3 0.261719 0.331131 0.009766 0.013216
3 0.273438 0.327460 0.007812 0.011747
2 0.271973 0.359031 0.012695 0.013216
3 0.324219 0.324523 0.007812 0.014684
3 0.341309 0.325257 0.008789 0.010279
2 0.333008 0.341410 0.009766 0.010279
3 0.376465 0.379589 0.010742 0.013216
3 0.367676 0.372247 0.008789 0.010279
2 0.383301 0.403084 0.010742 0.013216
3 0.356934 0.419971 0.014648 0.017621
3 0.337891 0.417034 0.011719 0.014684
2 0.390137 0.314978 0.008789 0.010279
3 0.385254 0.300294 0.006836 0.010279
3 0.396973 0.300294 0.006836 0.013216
2 0.199219 0.455213 0.011719 0.017621
2 0.117676 0.348752 0.008789 0.010279
2 0.296387 0.294420 0.008789 0.010279
3 0.291016 0.284141 0.007812 0.010279
3 0.301758 0.282673 0.005859 0.010279
3 0.228516 0.290015 0.007812 0.010279
3 0.238770 0.290015 0.006836 0.010279
3 0.263184 0.287078 0.006836 0.010279
3 0.275391 0.287078 0.005859 0.010279
2 0.919434 0.813510 0.026367 0.035242
2 0.723145 0.649046 0.026367 0.035242
2 0.813965 0.643906 0.024414 0.030837
3 0.688965 0.571953 0.028320 0.045521
3 0.754883 0.588106 0.029297 0.033774
3 0.784180 0.574156 0.031250 0.041116
3 0.841797 0.581498 0.021484 0.035242
3 0.888184 0.732746 0.022461 0.044053
3 0.950684 0.755507 0.030273 0.030837
2 0.968262 0.417034 0.016602 0.020558
3 0.954590 0.383260 0.010742 0.020558
3 0.985352 0.389868 0.017578 0.019090
2 0.695801 0.259178 0.010742 0.010279
3 0.688965 0.238620 0.006836 0.013216
3 0.702637 0.238620 0.006836 0.013216
2 0.737793 0.273862 0.008789 0.013216
3 0.633301 0.284141 0.010742 0.016153
3 0.653809 0.280470 0.010742 0.017621
0 0.687500 0.273128 0.015625 0.023495
3 0.678223 0.267254 0.008789 0.014684
3 0.692383 0.266520 0.007812 0.013216
0 0.982422 0.469163 0.031250 0.048458
3 0.963379 0.451542 0.014648 0.027900
3 0.664551 0.389134 0.008789 0.017621
3 0.683594 0.393539 0.009766 0.020558
1 0.667969 0.403084 0.007812 0.010279
2 0.789062 0.543319 0.017578 0.029369
