0 0.166504 0.346029 0.041992 0.056641
0 0.437500 0.353841 0.032227 0.061849
0 0.421631 0.437826 0.052246 0.086589
0 0.381836 0.372721 0.044922 0.055339
0 0.645264 0.393880 0.051270 0.049479
0 0.645508 0.326497 0.033203 0.054036
0 0.588135 0.345052 0.029785 0.045573
0 0.698975 0.362305 0.022949 0.052734
0 0.727051 0.361328 0.041016 0.046875
0 0.506592 0.374023 0.043457 0.059245
1 0.417969 0.431641 0.017578 0.023438
1 0.388672 0.364583 0.013672 0.022135
1 0.645020 0.321615 0.013672 0.022135
1 0.729492 0.356771 0.013672 0.019531
2 0.182373 0.353841 0.014160 0.022786
3 0.162354 0.343424 0.019043 0.022786
3 0.201904 0.456706 0.026855 0.026693
3 0.259521 0.457682 0.034668 0.029948
3 0.393066 0.416016 0.025391 0.019531
2 0.439941 0.465169 0.017578 0.030599
2 0.370117 0.389648 0.015625 0.020182
3 0.368652 0.354818 0.018555 0.022135
3 0.408691 0.362630 0.019531 0.027344
3 0.423584 0.357747 0.016113 0.039714
2 0.448975 0.371745 0.013184 0.016927
1 0.436523 0.347005 0.015625 0.019531
3 0.470947 0.425456 0.030762 0.027995
3 0.508301 0.367839 0.030273 0.026042
2 0.496094 0.394857 0.019531 0.022786
3 0.589355 0.343099 0.025391 0.023438
3 0.627930 0.334961 0.021484 0.038411
3 0.641602 0.387044 0.025391 0.020182
