0 0.122559 0.596354 0.059570 0.085069
0 0.442383 0.453125 0.050781 0.093750
0 0.023438 0.467882 0.031250 0.064236
0 0.077637 0.355903 0.020508 0.045139
0 0.066895 0.171875 0.014648 0.024306
0 0.275391 0.409722 0.023438 0.048611
0 0.535156 0.407986 0.039062 0.083333
0 0.697266 0.793403 0.042969 0.114583
0 0.589844 0.431424 0.025391 0.071181
0 0.511719 0.244792 0.021484 0.045139
0 0.749512 0.266493 0.026367 0.060764
0 0.847656 0.328993 0.021484 0.050347
0 0.855469 0.483507 0.033203 0.078125
0 0.087891 0.252604 0.017578 0.036458
0 0.275391 0.227431 0.011719 0.024306
1 0.131348 0.590278 0.022461 0.031250
1 0.682129 0.765625 0.020508 0.031250
1 0.712891 0.790799 0.017578 0.032986
1 0.092285 0.250000 0.008789 0.013889
1 0.542969 0.402778 0.017578 0.024306
1 0.438477 0.440104 0.013672 0.026042
1 0.742676 0.264757 0.012695 0.015625
1 0.758301 0.264757 0.010742 0.015625
1 0.857422 0.478299 0.015625 0.019097
1 0.579102 0.418403 0.013672 0.020833
1 0.843262 0.325521 0.014648 0.019097
3 0.029297 0.493056 0.021484 0.076389
2 0.014160 0.479167 0.012695 0.027778
2 0.105957 0.618924 0.016602 0.029514
3 0.152344 0.624132 0.025391 0.112847
3 0.282715 0.437500 0.020508 0.052083
2 0.427734 0.479167 0.019531 0.038194
3 0.459473 0.506076 0.032227 0.126736
2 0.524902 0.429688 0.016602 0.032986
3 0.558594 0.434896 0.023438 0.105903
2 0.591309 0.453125 0.016602 0.031250
3 0.606445 0.452257 0.017578 0.064236
3 0.573242 0.446181 0.011719 0.069444
3 0.849609 0.507812 0.017578 0.071181
2 0.866699 0.508681 0.014648 0.031250
3 0.522949 0.256944 0.010742 0.041667
3 0.501953 0.258681 0.007812 0.038194
2 0.512695 0.255208 0.011719 0.020833
2 0.752441 0.287326 0.010742 0.015625
3 0.736816 0.296875 0.014648 0.069444
3 0.755859 0.307292 0.013672 0.041667
2 0.852051 0.344618 0.010742 0.015625
2 0.085449 0.261285 0.008789 0.015625
