0 0.355713 0.604818 0.048340 0.102865
0 0.523193 0.426758 0.043457 0.070964
0 0.601318 0.475260 0.052246 0.091146
1 0.346191 0.605143 0.026367 0.026693
1 0.614502 0.482422 0.025879 0.029948
1 0.517578 0.430664 0.027344 0.029297
2 0.364990 0.638672 0.024902 0.028646
3 0.315674 0.601888 0.038574 0.061849
3 0.372803 0.564779 0.021973 0.022786
3 0.630371 0.473958 0.038086 0.079427
3 0.575684 0.456055 0.019531 0.048828
3 0.502686 0.443034 0.020020 0.052734
2 0.533936 0.444336 0.017090 0.025391
2 0.587158 0.507812 0.020020 0.026042
