0 0.327637 0.729868 0.112305 0.188873
0 0.412109 0.475842 0.046875 0.090776
0 0.055176 0.295754 0.059570 0.076135
0 0.216309 0.431186 0.030273 0.057101
0 0.334473 0.509517 0.036133 0.043924
1 0.346680 0.691801 0.035156 0.045388
1 0.419434 0.464861 0.020508 0.021962
2 0.298828 0.791362 0.048828 0.068814
2 0.401855 0.500732 0.026367 0.035139
3 0.377441 0.666179 0.032227 0.073206
3 0.304688 0.639092 0.046875 0.048316
3 0.383789 0.447291 0.033203 0.033675
3 0.438477 0.447291 0.017578 0.039531
3 0.214355 0.408492 0.018555 0.029283
3 0.065918 0.292826 0.022461 0.026354
3 0.027832 0.271596 0.024414 0.027818
3 0.029785 0.564422 0.036133 0.036603
