0 0.589355 0.758464 0.020508 0.032552
0 0.430176 0.604167 0.024414 0.039062
0 0.518555 0.697917 0.029297 0.033854
0 0.641602 0.618490 0.013672 0.033854
0 0.536133 0.608724 0.027344 0.029948
0 0.525879 0.807943 0.024414 0.045573
0 0.502930 0.654948 0.027344 0.031250
0 0.593262 0.642578 0.018555 0.027344
3 0.787109 0.819661 0.017578 0.027344
3 0.756348 0.809896 0.016602 0.028646
3 0.603027 0.764974 0.012695 0.022135
2 0.585449 0.767578 0.010742 0.011719
2 0.526855 0.708333 0.010742 0.013021
1 0.519043 0.697917 0.010742 0.013021
2 0.435547 0.613281 0.009766 0.013021
1 0.431152 0.602214 0.008789 0.009115
3 0.614746 0.599609 0.008789 0.014323
3 0.535156 0.612630 0.009766 0.016927
3 0.556641 0.582682 0.009766 0.011719
3 0.494141 0.647786 0.011719 0.011719
