0 0.610840 0.216570 0.114258 0.136628
0 0.841309 0.500727 0.102539 0.146802
0 0.625977 0.651163 0.123047 0.136628
0 0.433594 0.723837 0.119141 0.127907
0 0.195801 0.761628 0.108398 0.122093
0 0.044434 0.838663 0.069336 0.125000
1 0.583008 0.199855 0.031250 0.042151
1 0.057129 0.821948 0.022461 0.030523
1 0.172852 0.750000 0.029297 0.037791
1 0.413086 0.707849 0.027344 0.034884
1 0.607422 0.634448 0.027344 0.033430
1 0.813965 0.475291 0.022461 0.029070
1 0.874512 0.466570 0.022461 0.031977
2 0.648926 0.248547 0.040039 0.063953
2 0.849609 0.540698 0.052734 0.061047
2 0.666016 0.685320 0.037109 0.062500
2 0.473633 0.747820 0.039062 0.065407
2 0.231934 0.789244 0.040039 0.055233
2 0.258789 0.811047 0.033203 0.069767
2 0.024902 0.877180 0.030273 0.045058
3 0.550293 0.186047 0.036133 0.063953
3 0.610352 0.139535 0.019531 0.029070
3 0.789062 0.450581 0.035156 0.046512
3 0.889160 0.438227 0.030273 0.053779
3 0.560059 0.619913 0.041992 0.053779
3 0.380371 0.697674 0.032227 0.058140
3 0.142578 0.736919 0.033203 0.058140
3 0.207031 0.703488 0.019531 0.037791
3 0.076660 0.789244 0.022461 0.040698
