0 0.134277 0.125917 0.047852 0.144254
0 0.202148 0.306846 0.041016 0.173594
0 0.430176 0.152812 0.043945 0.154034
1 0.125977 0.112469 0.017578 0.034230
1 0.211426 0.288509 0.016602 0.039120
2 0.141113 0.167482 0.022461 0.046455
2 0.195801 0.364303 0.022461 0.048900
2 0.434570 0.201711 0.025391 0.046455
3 0.119141 0.136919 0.023438 0.102689
3 0.154297 0.119804 0.023438 0.107579
3 0.231445 0.303178 0.025391 0.097800
3 0.169922 0.316626 0.033203 0.119804
3 0.458008 0.134474 0.031250 0.092910
3 0.409668 0.151589 0.018555 0.102689
