0 0.431641 0.518880 0.180990 0.248698
0 0.563802 0.300130 0.127604 0.196615
0 0.525391 0.055339 0.048177 0.058594
1 0.362630 0.486979 0.040365 0.036458
1 0.523438 0.265625 0.036458 0.033854
1 0.481120 0.488932 0.040365 0.042969
1 0.513672 0.048828 0.019531 0.019531
1 0.537760 0.049479 0.015625 0.018229
1 0.611979 0.283203 0.036458 0.035156
2 0.443359 0.607422 0.079427 0.066406
2 0.562500 0.367188 0.059896 0.054688
3 0.510417 0.545573 0.057292 0.130208
3 0.337891 0.526042 0.082031 0.179688
3 0.638021 0.316406 0.041667 0.117188
3 0.501302 0.300781 0.049479 0.143229
2 0.529948 0.069010 0.020833 0.023438
3 0.554036 0.070312 0.024740 0.041667
