0 0.342285 0.478038 0.030273 0.048316
0 0.502930 0.486823 0.023438 0.042460
0 0.642090 0.405564 0.026367 0.052709
0 0.685059 0.407028 0.020508 0.043924
1 0.334473 0.472182 0.012695 0.016105
1 0.352051 0.474378 0.010742 0.014641
1 0.497559 0.478038 0.012695 0.013177
1 0.510254 0.479502 0.008789 0.016105
1 0.635254 0.400439 0.010742 0.016105
1 0.650879 0.401171 0.010742 0.014641
1 0.676758 0.401171 0.009766 0.014641
1 0.690918 0.404100 0.008789 0.014641
2 0.344238 0.492679 0.014648 0.019034
3 0.331543 0.464861 0.010742 0.016105
3 0.355957 0.465593 0.012695 0.014641
2 0.504883 0.498536 0.011719 0.016105
3 0.494141 0.469985 0.009766 0.017570
3 0.513184 0.472914 0.012695 0.014641
2 0.643555 0.423133 0.013672 0.017570
3 0.632324 0.392387 0.010742 0.017570
3 0.655762 0.394583 0.008789 0.013177
2 0.685059 0.419473 0.012695 0.013177
3 0.674316 0.393851 0.008789 0.014641
3 0.694336 0.395315 0.009766 0.014641
