0 0.496094 0.511765 0.035156 0.052941
0 0.100098 0.566912 0.036133 0.048529
0 0.608887 0.466912 0.034180 0.063235
0 0.782715 0.477206 0.036133 0.045588
1 0.103516 0.561765 0.019531 0.020588
1 0.494141 0.508824 0.011719 0.017647
1 0.616211 0.464706 0.013672 0.020588
1 0.789551 0.472059 0.014648 0.020588
2 0.093750 0.582353 0.013672 0.017647
3 0.494141 0.494118 0.013672 0.020588
2 0.494629 0.527941 0.010742 0.014706
2 0.602539 0.486029 0.015625 0.025000
3 0.602051 0.447059 0.012695 0.017647
3 0.627930 0.453676 0.015625 0.022059
3 0.771973 0.463235 0.012695 0.014706
3 0.797852 0.466176 0.009766 0.014706
2 0.780762 0.486765 0.010742 0.017647
