0 0.761719 0.718634 0.058594 0.075776
0 0.667969 0.693168 0.056641 0.074534
0 0.294434 0.609317 0.036133 0.043478
0 0.539551 0.655280 0.063477 0.073292
1 0.758301 0.713665 0.026367 0.021118
1 0.529297 0.645342 0.027344 0.028571
3 0.745117 0.687578 0.015625 0.028571
3 0.758789 0.680124 0.015625 0.026087
3 0.842285 0.584472 0.024414 0.028571
2 0.556152 0.678882 0.022461 0.026087
2 0.686523 0.716770 0.021484 0.024845
2 0.780273 0.742857 0.021484 0.024845
3 0.515625 0.629193 0.017578 0.038509
3 0.651367 0.664596 0.021484 0.034783
3 0.723633 0.565839 0.015625 0.016149
3 0.424805 0.658385 0.029297 0.029814
