0 0.794922 0.567383 0.157552 0.140625
0 0.068359 0.619629 0.134115 0.125977
0 0.651042 0.329590 0.078125 0.065430
0 0.165365 0.254883 0.039062 0.029297
1 0.753255 0.528809 0.042969 0.026367
1 0.842448 0.546387 0.044271 0.032227
1 0.643229 0.318848 0.036458 0.020508
1 0.080729 0.621094 0.057292 0.027344
2 0.169271 0.261719 0.020833 0.011719
3 0.141927 0.237305 0.018229 0.017578
3 0.173177 0.235840 0.015625 0.012695
2 0.033854 0.664551 0.065104 0.034180
3 0.091797 0.511719 0.050781 0.072266
3 0.527344 0.652344 0.085938 0.087891
2 0.671875 0.347168 0.031250 0.022461
3 0.628906 0.303223 0.020833 0.022461
3 0.666667 0.297852 0.031250 0.013672
0 0.564453 0.307129 0.035156 0.041992
2 0.565755 0.319336 0.024740 0.013672
0 0.014323 0.223633 0.026042 0.027344
2 0.017578 0.231934 0.016927 0.010742
2 0.758464 0.615234 0.069010 0.044922
3 0.767578 0.472168 0.063802 0.079102
3 0.916667 0.516602 0.117188 0.048828
