0 0.097396 0.332639 0.021875 0.037500
0 0.988021 0.616667 0.021875 0.069444
0 0.260937 0.399306 0.034375 0.062500
0 0.401042 0.436806 0.033333 0.040278
0 0.085938 0.431944 0.034375 0.047222
1 0.655208 0.888889 0.045833 0.061111
3 0.274479 0.365278 0.026042 0.019444
3 0.426563 0.433333 0.028125 0.036111
3 0.381771 0.429861 0.017708 0.037500
3 0.506771 0.427778 0.032292 0.044444
3 0.573438 0.453472 0.019792 0.056944
3 0.565625 0.584722 0.035417 0.036111
3 0.248958 0.387500 0.016667 0.038889
3 0.252604 0.456250 0.019792 0.029167
3 0.273438 0.427778 0.017708 0.016667
3 0.101562 0.398611 0.026042 0.022222
3 0.073958 0.416667 0.020833 0.025000
3 0.618229 0.838194 0.051042 0.070833
3 0.738021 0.805556 0.073958 0.063889
