0 0.083008 0.386068 0.060547 0.115885
0 0.634277 0.425130 0.112305 0.149740
0 0.919434 0.589844 0.079102 0.117188
0 0.568359 0.298177 0.066406 0.096354
1 0.626465 0.410807 0.034180 0.040365
1 0.104004 0.363932 0.026367 0.029948
1 0.555176 0.287760 0.030273 0.028646
1 0.898926 0.567057 0.028320 0.035156
1 0.951172 0.570964 0.019531 0.029948
1 0.063965 0.363932 0.022461 0.029948
2 0.666504 0.463542 0.043945 0.054688
3 0.607422 0.441406 0.056641 0.101562
2 0.588867 0.318359 0.031250 0.042969
3 0.542480 0.311849 0.036133 0.071615
2 0.924805 0.617839 0.042969 0.048177
3 0.878906 0.604167 0.033203 0.122396
3 0.958008 0.607422 0.033203 0.113281
2 0.079590 0.417969 0.034180 0.044271
