0 0.827637 0.454590 0.149414 0.178711
0 0.796387 0.287598 0.131836 0.153320
0 0.176270 0.773926 0.149414 0.227539
0 0.138184 0.216309 0.104492 0.147461
1 0.770508 0.433594 0.050781 0.060547
1 0.876465 0.440430 0.038086 0.042969
1 0.744141 0.288086 0.050781 0.046875
1 0.841797 0.291016 0.042969 0.042969
1 0.220215 0.778809 0.055664 0.047852
1 0.171387 0.221680 0.053711 0.046875
1 0.100098 0.185059 0.051758 0.036133
2 0.150879 0.853516 0.081055 0.058594
2 0.820801 0.511719 0.081055 0.064453
2 0.129883 0.267090 0.052734 0.043945
3 0.095215 0.633301 0.086914 0.112305
3 0.277344 0.733887 0.095703 0.079102
3 0.721680 0.347168 0.109375 0.116211
3 0.704102 0.214844 0.085938 0.091797
3 0.888184 0.231934 0.092773 0.086914
3 0.932129 0.354004 0.112305 0.118164
3 0.082520 0.126465 0.069336 0.083008
3 0.211426 0.154297 0.063477 0.074219
3 0.306641 0.152344 0.052734 0.066406
3 0.277344 0.209473 0.076172 0.043945
3 0.102051 0.471680 0.071289 0.041016
3 0.017090 0.463379 0.032227 0.118164
2 0.794434 0.354492 0.063477 0.041016
