0 0.483887 0.472005 0.237305 0.365885
0 0.727051 0.573568 0.239258 0.347656
0 0.242188 0.578125 0.164062 0.343750
0 0.083008 0.514974 0.144531 0.298177
1 0.784180 0.528646 0.082031 0.083333
1 0.523438 0.437500 0.066406 0.078125
1 0.305176 0.532552 0.045898 0.065104
1 0.147461 0.470703 0.048828 0.050781
2 0.415527 0.589193 0.088867 0.113281
2 0.659180 0.677083 0.105469 0.145833
2 0.300293 0.675781 0.086914 0.135417
2 0.197266 0.690104 0.082031 0.117188
3 0.217773 0.267578 0.093750 0.235677
3 0.528320 0.219401 0.070312 0.152344
3 0.713379 0.316406 0.198242 0.161458
3 0.924316 0.481771 0.151367 0.156250
3 0.554688 0.743490 0.121094 0.325521
3 0.385254 0.442708 0.112305 0.052083
