0 0.367676 0.701823 0.198242 0.169271
0 0.376465 0.590495 0.129883 0.105469
0 0.616699 0.359375 0.049805 0.080729
0 0.558594 0.375000 0.070312 0.062500
0 0.241699 0.166667 0.043945 0.065104
0 0.148438 0.065755 0.033203 0.058594
0 0.295898 0.022786 0.035156 0.042969
1 0.313477 0.710938 0.041016 0.052083
1 0.322266 0.593099 0.029297 0.045573
1 0.541016 0.371094 0.029297 0.031250
1 0.597168 0.347656 0.024414 0.028646
1 0.230469 0.159505 0.017578 0.022135
1 0.303223 0.012370 0.018555 0.022135
1 0.157227 0.061849 0.015625 0.019531
2 0.430176 0.687500 0.067383 0.088542
3 0.236816 0.771484 0.096680 0.123698
2 0.405273 0.595703 0.064453 0.089844
2 0.624512 0.377604 0.026367 0.028646
3 0.634766 0.314453 0.021484 0.027344
3 0.518066 0.382812 0.024414 0.028646
2 0.253906 0.185547 0.019531 0.027344
3 0.210938 0.166016 0.027344 0.027344
3 0.171875 0.061849 0.017578 0.011719
2 0.144531 0.083984 0.015625 0.016927
2 0.289062 0.031250 0.017578 0.020833
3 0.318848 0.008464 0.014648 0.014323
