0 0.019043 0.666016 0.036133 0.069010
0 0.108887 0.673828 0.038086 0.074219
0 0.227051 0.713542 0.041992 0.067708
0 0.238770 0.525391 0.024414 0.053385
0 0.442383 0.434896 0.035156 0.046875
0 0.358887 0.713542 0.041992 0.078125
0 0.475098 0.716797 0.038086 0.063802
0 0.796387 0.671875 0.045898 0.078125
0 0.871094 0.667969 0.039062 0.080729
0 0.831055 0.639974 0.039062 0.063802
0 0.492676 0.305990 0.022461 0.026042
0 0.506348 0.344401 0.024414 0.032552
0 0.916504 0.341797 0.026367 0.042969
0 0.383301 0.342448 0.020508 0.028646
0 0.852051 0.419271 0.024414 0.041667
0 0.275391 0.356771 0.019531 0.031250
0 0.521973 0.326823 0.024414 0.031250
1 0.369141 0.703125 0.013672 0.015625
1 0.223633 0.701823 0.015625 0.018229
1 0.105469 0.668620 0.019531 0.024740
1 0.832520 0.634766 0.016602 0.022135
1 0.027344 0.653646 0.019531 0.020833
1 0.489258 0.700521 0.017578 0.020833
1 0.805176 0.665365 0.018555 0.020833
1 0.431641 0.421875 0.011719 0.015625
1 0.452637 0.422526 0.014648 0.014323
1 0.905762 0.339193 0.010742 0.014323
1 0.921387 0.336589 0.012695 0.014323
1 0.857422 0.406250 0.015625 0.015625
3 0.039551 0.648438 0.026367 0.026042
2 0.023438 0.689453 0.015625 0.016927
3 0.123047 0.671875 0.019531 0.046875
3 0.238770 0.698568 0.024414 0.040365
3 0.386719 0.712240 0.021484 0.057292
3 0.500977 0.691406 0.023438 0.044271
3 0.454102 0.702474 0.015625 0.048177
3 0.242188 0.525391 0.015625 0.029948
2 0.442383 0.447917 0.017578 0.018229
3 0.459961 0.424479 0.017578 0.020833
3 0.423340 0.426432 0.016602 0.022135
3 0.498047 0.297526 0.011719 0.014323
3 0.049805 0.509766 0.017578 0.029948
3 0.895508 0.337891 0.017578 0.016927
3 0.928711 0.332682 0.017578 0.016927
3 0.871094 0.410807 0.023438 0.027344
1 0.858887 0.658854 0.018555 0.020833
3 0.812012 0.666016 0.018555 0.050781
3 0.773438 0.682292 0.015625 0.052083
3 0.873047 0.660156 0.019531 0.041667
3 0.984375 0.421224 0.015625 0.016927
3 0.275391 0.350260 0.011719 0.013021
3 0.021973 0.453125 0.010742 0.015625
3 0.026367 0.416667 0.009766 0.010417
