0 0.390137 0.387695 0.034180 0.059245
0 0.343506 0.422201 0.045410 0.064453
0 0.406006 0.317708 0.031738 0.041667
0 0.519043 0.322266 0.040039 0.044271
0 0.569336 0.368490 0.033203 0.057292
0 0.618164 0.237305 0.022461 0.035807
0 0.617920 0.435872 0.041504 0.065755
0 0.449463 0.449544 0.036621 0.070964
0 0.829590 0.340820 0.036133 0.056641
0 0.683594 0.260417 0.017578 0.029948
1 0.352295 0.409180 0.019043 0.025391
1 0.377930 0.379557 0.010742 0.010417
1 0.412842 0.312826 0.010254 0.013672
1 0.560547 0.355794 0.013672 0.016276
1 0.524170 0.314128 0.010254 0.016276
1 0.609131 0.422852 0.016113 0.017578
1 0.834961 0.337891 0.017578 0.019531
3 0.135010 0.469076 0.050293 0.034505
3 0.069092 0.474609 0.028809 0.031250
2 0.336914 0.441081 0.020508 0.022786
3 0.324463 0.401042 0.020996 0.020833
3 0.372559 0.401042 0.024414 0.024740
3 0.407471 0.369792 0.021973 0.014323
3 0.371338 0.373372 0.014160 0.020182
2 0.393311 0.407878 0.017090 0.017578
3 0.313965 0.339193 0.020508 0.037760
3 0.270508 0.332357 0.017578 0.030599
3 0.393799 0.306641 0.019043 0.013021
2 0.397217 0.330404 0.013184 0.016276
3 0.459717 0.433919 0.036621 0.018880
2 0.459717 0.463542 0.012207 0.022135
2 0.622559 0.457357 0.020508 0.024089
2 0.574463 0.379557 0.017090 0.020833
2 0.505127 0.328776 0.012207 0.016927
3 0.643311 0.420247 0.022949 0.022786
3 0.597168 0.412760 0.022461 0.018229
3 0.588135 0.348307 0.020996 0.015625
3 0.548340 0.349935 0.013672 0.013672
3 0.534424 0.320638 0.010254 0.030599
2 0.817627 0.355143 0.013184 0.017578
3 0.817139 0.329753 0.016113 0.012370
3 0.610352 0.238281 0.010742 0.022135
3 0.680664 0.249023 0.010742 0.012370
2 0.622803 0.248372 0.010254 0.012370
3 0.984619 0.514323 0.030762 0.074219
