0 0.291016 0.381306 0.152344 0.329377
0 0.810059 0.276706 0.186523 0.419881
0 0.549805 0.246291 0.066406 0.148368
1 0.750977 0.219585 0.056641 0.071217
1 0.337891 0.330861 0.042969 0.074184
3 0.075684 0.734421 0.118164 0.142433
2 0.254883 0.497774 0.083984 0.105341
3 0.723633 0.312315 0.109375 0.229970
2 0.852051 0.390208 0.100586 0.163205
3 0.392090 0.352374 0.071289 0.152819
1 0.548340 0.214392 0.026367 0.031157
2 0.534180 0.299703 0.029297 0.044510
3 0.568848 0.252226 0.036133 0.089021
0 0.530762 0.089021 0.036133 0.062315
1 0.523926 0.089021 0.016602 0.020772
0 0.683594 0.108309 0.042969 0.056380
1 0.681641 0.100148 0.013672 0.022255
3 0.697266 0.100148 0.019531 0.028190
0 0.082520 0.743323 0.131836 0.258160
2 0.056641 0.830119 0.054688 0.096439
