0 0.254688 0.624306 0.063542 0.073611
0 0.588542 0.559028 0.070833 0.059722
0 0.714063 0.520139 0.057292 0.059722
0 0.407292 0.505556 0.035417 0.047222
0 0.419271 0.554167 0.051042 0.044444
0 0.573438 0.455556 0.028125 0.033333
0 0.600521 0.472917 0.026042 0.029167
0 0.554167 0.535417 0.050000 0.043056
0 0.532292 0.706944 0.056250 0.105556
1 0.517188 0.685417 0.026042 0.029167
1 0.552083 0.693056 0.022917 0.030556
1 0.242188 0.622917 0.021875 0.029167
2 0.275521 0.641667 0.019792 0.030556
3 0.228125 0.619444 0.018750 0.036111
2 0.528646 0.741667 0.026042 0.033333
3 0.569792 0.696528 0.029167 0.065278
3 0.504167 0.685417 0.031250 0.056944
3 0.596354 0.563194 0.036458 0.031944
2 0.568229 0.556944 0.019792 0.030556
2 0.541146 0.536806 0.019792 0.023611
2 0.697396 0.511806 0.021875 0.026389
2 0.403646 0.518056 0.017708 0.019444
3 0.433854 0.486806 0.023958 0.029167
3 0.392188 0.481944 0.017708 0.019444
1 0.725521 0.516667 0.017708 0.022222
3 0.708854 0.488194 0.017708 0.020833
3 0.742708 0.510417 0.020833 0.020833
2 0.438542 0.550000 0.018750 0.025000
3 0.450521 0.540278 0.036458 0.050000
