0 0.509766 0.514974 0.076172 0.170573
0 0.423828 0.302083 0.037109 0.085938
0 0.775879 0.580729 0.061523 0.119792
0 0.718262 0.153646 0.057617 0.088542
1 0.752930 0.564453 0.017578 0.027344
1 0.794922 0.571615 0.017578 0.020833
1 0.506348 0.498047 0.028320 0.035156
1 0.706055 0.138672 0.017578 0.019531
1 0.737305 0.136719 0.017578 0.020833
3 0.689941 0.128255 0.034180 0.024740
3 0.750000 0.120443 0.031250 0.032552
2 0.722168 0.177734 0.028320 0.032552
3 0.409668 0.266276 0.030273 0.035156
3 0.440430 0.278646 0.021484 0.033854
1 0.430176 0.309896 0.018555 0.023438
3 0.481934 0.456380 0.028320 0.048177
2 0.521484 0.576172 0.037109 0.040365
3 0.742188 0.526042 0.039062 0.057292
3 0.815918 0.533854 0.040039 0.057292
2 0.773926 0.619141 0.028320 0.032552
3 0.548340 0.492839 0.024414 0.029948
2 0.422852 0.337240 0.019531 0.018229
