0 0.112305 0.511068 0.027344 0.048177
0 0.341309 0.751302 0.051758 0.096354
0 0.077637 0.640625 0.040039 0.062500
0 0.030762 0.481771 0.038086 0.046875
0 0.625977 0.783854 0.080078 0.130208
0 0.166504 0.806641 0.053711 0.076823
0 0.275879 0.534505 0.040039 0.076823
0 0.025879 0.563151 0.038086 0.058594
0 0.221680 0.342448 0.033203 0.033854
0 0.541504 0.222656 0.022461 0.031250
0 0.488770 0.179688 0.024414 0.031250
0 0.475098 0.275391 0.024414 0.035156
0 0.466797 0.438802 0.035156 0.044271
0 0.492676 0.403646 0.040039 0.072917
0 0.659180 0.343750 0.035156 0.046875
0 0.638672 0.278646 0.027344 0.036458
0 0.966797 0.187500 0.035156 0.046875
0 0.945801 0.141927 0.022461 0.044271
0 0.572266 0.211589 0.019531 0.032552
0 0.704590 0.134115 0.022461 0.023438
0 0.688965 0.171875 0.020508 0.031250
0 0.799805 0.083333 0.019531 0.031250
0 0.816895 0.128906 0.020508 0.031250
0 0.794922 0.181641 0.019531 0.035156
0 0.265137 0.718099 0.045898 0.095052
0 0.760254 0.204427 0.024414 0.033854
1 0.642090 0.768880 0.036133 0.042969
1 0.352051 0.731771 0.022461 0.026042
1 0.322266 0.748047 0.019531 0.027344
1 0.279297 0.690104 0.019531 0.026042
1 0.275391 0.529297 0.023438 0.027344
1 0.164551 0.793620 0.026367 0.029948
2 0.042969 0.484375 0.017578 0.028646
2 0.116211 0.526042 0.013672 0.018229
1 0.117676 0.499349 0.012695 0.016927
3 0.008301 0.556641 0.014648 0.022135
1 0.021973 0.557292 0.014648 0.018229
2 0.037598 0.574870 0.016602 0.024740
3 0.076172 0.623698 0.017578 0.028646
3 0.105469 0.609375 0.023438 0.031250
3 0.242676 0.580729 0.043945 0.041667
3 0.193848 0.595052 0.014648 0.044271
3 0.287598 0.533203 0.018555 0.035156
3 0.343262 0.588542 0.030273 0.046875
3 0.292969 0.393880 0.023438 0.024740
3 0.480469 0.417969 0.021484 0.059896
3 0.529297 0.388672 0.033203 0.029948
2 0.350098 0.790365 0.026367 0.026042
2 0.183594 0.814453 0.021484 0.032552
2 0.267090 0.746745 0.026367 0.032552
3 0.374512 0.721354 0.049805 0.044271
3 0.301758 0.750651 0.041016 0.048177
3 0.296387 0.696615 0.036133 0.041667
3 0.240723 0.714193 0.026367 0.055990
3 0.136719 0.807292 0.033203 0.031250
3 0.100098 0.826172 0.038086 0.045573
2 0.270508 0.565104 0.017578 0.018229
3 0.221680 0.338542 0.017578 0.013021
3 0.475586 0.431641 0.021484 0.027344
3 0.442383 0.444010 0.021484 0.031250
3 0.468262 0.266927 0.010742 0.018229
1 0.659180 0.339193 0.017578 0.016927
2 0.671387 0.352214 0.014648 0.019531
3 0.642090 0.348958 0.026367 0.044271
3 0.629883 0.346354 0.031250 0.041667
3 0.640137 0.276042 0.020508 0.020833
2 0.765137 0.216146 0.012695 0.015625
1 0.754883 0.203125 0.011719 0.015625
1 0.767090 0.196615 0.010742 0.013021
3 0.778809 0.192708 0.024414 0.018229
3 0.742676 0.208333 0.022461 0.023438
1 0.791504 0.173828 0.010742 0.014323
3 0.798340 0.169271 0.012695 0.015625
3 0.820801 0.410156 0.043945 0.039062
3 0.858887 0.244141 0.024414 0.024740
1 0.873047 0.251953 0.015625 0.019531
3 0.721680 0.237630 0.013672 0.024740
2 0.694336 0.177734 0.013672 0.016927
3 0.680176 0.173828 0.012695 0.016927
3 0.703125 0.169271 0.015625 0.013021
3 0.937012 0.124349 0.012695 0.027344
1 0.947266 0.139974 0.013672 0.019531
3 0.971680 0.175130 0.021484 0.024740
2 0.610352 0.820964 0.037109 0.050781
3 0.650391 0.841797 0.107422 0.167969
2 0.491699 0.186849 0.010742 0.014323
0 0.510742 0.177083 0.013672 0.026042
3 0.481445 0.177083 0.011719 0.013021
3 0.496094 0.169922 0.009766 0.009115
