0 0.187500 0.793620 0.068359 0.115885
0 0.300293 0.589844 0.051758 0.117188
0 0.685547 0.384766 0.056641 0.082031
0 0.711914 0.266927 0.058594 0.111979
1 0.197266 0.781901 0.029297 0.032552
1 0.676270 0.377604 0.024414 0.028646
1 0.693848 0.238281 0.020508 0.023438
2 0.178711 0.832031 0.033203 0.031250
3 0.160645 0.727214 0.047852 0.048177
3 0.226074 0.736979 0.036133 0.039062
3 0.263184 0.492839 0.063477 0.053385
3 0.351074 0.509766 0.053711 0.063802
3 0.698730 0.339193 0.034180 0.035156
3 0.665039 0.190104 0.042969 0.062500
3 0.735840 0.199870 0.051758 0.029948
2 0.715820 0.308594 0.033203 0.026042
2 0.699219 0.410156 0.021484 0.023438
3 0.658203 0.358073 0.021484 0.026042
