0 0.022917 0.246296 0.043750 0.129630
0 0.459375 0.300926 0.066667 0.201852
0 0.029167 0.130556 0.041667 0.094444
0 0.197917 0.173148 0.031250 0.057407
0 0.105208 0.132407 0.022917 0.053704
1 0.032292 0.221296 0.025000 0.042593
1 0.481771 0.277778 0.028125 0.048148
1 0.021875 0.114815 0.022917 0.033333
2 0.448958 0.372222 0.039583 0.066667
3 0.496354 0.351852 0.053125 0.207407
2 0.009896 0.298148 0.017708 0.037037
3 0.054167 0.303704 0.047917 0.200000
2 0.040104 0.160185 0.021875 0.035185
1 0.194271 0.167593 0.015625 0.024074
2 0.205729 0.190741 0.011458 0.018519
3 0.432292 0.413889 0.033333 0.064815
