0 0.832031 0.526367 0.148438 0.140625
0 0.593750 0.738281 0.049479 0.062500
1 0.888672 0.504883 0.048177 0.027344
1 0.612630 0.742676 0.029948 0.020508
2 0.797526 0.574219 0.066406 0.042969
3 0.770833 0.487793 0.085938 0.040039
3 0.927734 0.504883 0.055990 0.052734
3 0.546875 0.641602 0.049479 0.023438
1 0.581380 0.652832 0.032552 0.022461
3 0.613932 0.626953 0.029948 0.019531
3 0.453776 0.520020 0.024740 0.012695
3 0.612630 0.473633 0.019531 0.015625
3 0.547526 0.600586 0.032552 0.023438
3 0.578776 0.708008 0.037760 0.023438
2 0.580729 0.759277 0.026042 0.018555
