0 0.261719 0.396047 0.029297 0.054173
0 0.530762 0.454612 0.030273 0.057101
0 0.654297 0.406296 0.033203 0.065886
1 0.250977 0.385798 0.013672 0.021962
1 0.539551 0.442899 0.012695 0.021962
1 0.666016 0.396779 0.019531 0.023426
1 0.520020 0.442167 0.010742 0.014641
2 0.264160 0.412884 0.016602 0.020498
3 0.240723 0.385066 0.016602 0.020498
3 0.280762 0.375549 0.024414 0.021962
3 0.507812 0.431186 0.019531 0.027818
3 0.552246 0.437042 0.020508 0.024890
2 0.527832 0.472182 0.016602 0.019034
3 0.633789 0.383602 0.021484 0.026354
3 0.680176 0.385798 0.020508 0.027818
2 0.651367 0.426794 0.015625 0.021962
