0 0.172917 0.167593 0.018750 0.038889
0 0.438542 0.206481 0.070833 0.142593
0 0.589583 0.200926 0.020833 0.050000
0 0.716146 0.281481 0.048958 0.122222
1 0.451042 0.192593 0.025000 0.048148
1 0.702083 0.257407 0.022917 0.029630
2 0.170833 0.180556 0.010417 0.016667
3 0.181771 0.175000 0.013542 0.046296
2 0.415104 0.249074 0.021875 0.053704
3 0.479687 0.280556 0.042708 0.220370
2 0.716667 0.322222 0.022917 0.033333
3 0.735938 0.288889 0.017708 0.114815
3 0.693229 0.294444 0.017708 0.114815
3 0.861979 0.531481 0.034375 0.129630
3 0.794792 0.660185 0.029167 0.101852
