0 0.353027 0.317057 0.116211 0.183594
0 0.310059 0.570964 0.088867 0.123698
0 0.708008 0.562500 0.074219 0.125000
1 0.384766 0.290365 0.031250 0.039062
1 0.320801 0.282552 0.020508 0.033854
1 0.685547 0.557292 0.027344 0.036458
1 0.318848 0.576172 0.036133 0.035156
1 0.731934 0.559245 0.026367 0.032552
0 0.353027 0.317057 0.116211 0.183594
2 0.340820 0.371094 0.052734 0.062500
3 0.292480 0.264974 0.051758 0.040365
3 0.411621 0.275391 0.043945 0.042969
3 0.358398 0.564453 0.046875 0.066406
2 0.284180 0.605469 0.033203 0.049479
3 0.272949 0.561198 0.034180 0.039062
2 0.711426 0.606120 0.032227 0.037760
3 0.752930 0.555339 0.050781 0.055990
3 0.663574 0.574870 0.030273 0.084635
