0 0.438965 0.749328 0.114258 0.245968
0 0.166504 0.171371 0.038086 0.063172
0 0.247559 0.165323 0.049805 0.077957
0 0.051758 0.163978 0.048828 0.080645
0 0.106934 0.196237 0.043945 0.064516
0 0.822266 0.170027 0.048828 0.079301
0 0.777344 0.681452 0.062500 0.126344
0 0.911133 0.702957 0.080078 0.123656
0 0.919434 0.249328 0.049805 0.063172
0 0.527344 0.167339 0.042969 0.076613
0 0.365723 0.170027 0.034180 0.049731
2 0.119141 0.216398 0.019531 0.026882
2 0.166016 0.189516 0.017578 0.021505
3 0.188477 0.174731 0.013672 0.034946
3 0.152344 0.174059 0.013672 0.041667
2 0.238770 0.188172 0.020508 0.026882
3 0.223633 0.167339 0.013672 0.055108
3 0.273926 0.173387 0.020508 0.061828
3 0.018555 0.161962 0.021484 0.047043
1 0.039062 0.149194 0.015625 0.021505
2 0.063477 0.190188 0.019531 0.025538
3 0.344727 0.170699 0.015625 0.043011
2 0.423340 0.834005 0.047852 0.060484
3 0.513672 0.734543 0.062500 0.154570
3 0.395508 0.764113 0.029297 0.111559
2 0.881836 0.734543 0.027344 0.033602
1 0.922852 0.698253 0.029297 0.033602
3 0.958008 0.733199 0.041016 0.098118
2 0.768555 0.728495 0.033203 0.032258
1 0.756348 0.652554 0.020508 0.028226
1 0.803223 0.665995 0.020508 0.025538
3 0.810059 0.685484 0.020508 0.104839
3 0.744141 0.666667 0.025391 0.094086
2 0.832520 0.190860 0.022461 0.029570
3 0.796387 0.171371 0.026367 0.057796
1 0.813477 0.157258 0.017578 0.018817
3 0.943848 0.268145 0.026367 0.063172
2 0.904297 0.267473 0.017578 0.026882
3 0.754395 0.403898 0.032227 0.076613
3 0.687500 0.385753 0.031250 0.037634
1 0.526855 0.163306 0.026367 0.033602
2 0.541992 0.194220 0.017578 0.022849
