0 0.090332 0.470052 0.178711 0.359375
0 0.268066 0.289062 0.168945 0.244792
0 0.353516 0.171875 0.128906 0.213542
0 0.593262 0.439453 0.190430 0.277344
0 0.799805 0.264323 0.089844 0.140625
0 0.739258 0.836589 0.298828 0.324219
1 0.537598 0.406901 0.043945 0.050781
1 0.228516 0.251953 0.048828 0.050781
1 0.315430 0.128906 0.050781 0.052083
1 0.676270 0.813151 0.077148 0.079427
1 0.041504 0.166667 0.055664 0.057292
1 0.768555 0.263672 0.044922 0.045573
1 0.258301 0.017578 0.051758 0.032552
2 0.125488 0.591146 0.100586 0.109375
2 0.839844 0.953125 0.089844 0.085938
2 0.653320 0.525391 0.068359 0.100260
2 0.324707 0.356120 0.059570 0.087240
2 0.391602 0.244792 0.056641 0.070312
3 0.553711 0.739583 0.109375 0.098958
3 0.424316 0.359375 0.133789 0.111979
3 0.944824 0.690104 0.110352 0.117188
3 0.707031 0.213542 0.076172 0.075521
3 0.863770 0.201823 0.067383 0.052083
3 0.713867 0.175130 0.083984 0.040365
3 0.248047 0.073568 0.089844 0.092448
3 0.130371 0.208984 0.092773 0.074219
3 0.020996 0.062500 0.040039 0.054688
