0 0.389323 0.485352 0.075521 0.064453
0 0.729167 0.511719 0.070312 0.074219
0 0.442708 0.375488 0.078125 0.059570
0 0.535156 0.475098 0.072917 0.065430
0 0.608724 0.462891 0.063802 0.056641
1 0.390625 0.480469 0.031250 0.013672
1 0.558594 0.473633 0.018229 0.017578
1 0.592448 0.454590 0.018229 0.018555
1 0.437500 0.374512 0.018229 0.016602
2 0.470703 0.395508 0.019531 0.015625
3 0.401693 0.376465 0.045573 0.018555
2 0.518880 0.498535 0.029948 0.018555
2 0.625000 0.477051 0.026042 0.016602
1 0.725911 0.508789 0.027344 0.019531
0 0.682292 0.465332 0.049479 0.051758
2 0.364583 0.499023 0.028646 0.021484
2 0.740234 0.536133 0.032552 0.017578
3 0.401693 0.498047 0.058594 0.042969
3 0.578776 0.488770 0.029948 0.055664
3 0.690104 0.517578 0.039062 0.058594
