0 0.266935 0.034384 0.024194 0.051576
0 0.524194 0.623209 0.051613 0.151862
0 0.724194 0.646132 0.074194 0.174785
0 0.358065 0.399713 0.041935 0.094556
0 0.374194 0.322350 0.025806 0.065903
0 0.418548 0.184814 0.030645 0.060172
0 0.783065 0.342407 0.040323 0.094556
0 0.658065 0.487106 0.035484 0.103152
0 0.327419 0.227794 0.025806 0.054441
0 0.515323 0.299427 0.037097 0.077364
0 0.413710 0.121777 0.024194 0.042980
0 0.549194 0.226361 0.024194 0.051576
1 0.699194 0.608883 0.024194 0.042980
1 0.749194 0.620344 0.030645 0.042980
1 0.508065 0.598854 0.025806 0.034384
1 0.545968 0.600287 0.024194 0.037249
1 0.383065 0.316619 0.017742 0.025788
1 0.779839 0.325215 0.017742 0.025788
3 0.283065 0.025788 0.014516 0.017192
3 0.258065 0.012894 0.012903 0.020057
2 0.265323 0.045845 0.011290 0.017192
3 0.302419 0.214900 0.014516 0.028653
2 0.329032 0.244986 0.016129 0.020057
1 0.320161 0.219198 0.011290 0.014327
1 0.337097 0.217765 0.009677 0.017192
0 0.318548 0.299427 0.030645 0.065903
3 0.333065 0.383954 0.027419 0.034384
3 0.370968 0.368195 0.012903 0.020057
2 0.353226 0.432665 0.019355 0.028653
0 0.431452 0.252149 0.033871 0.063037
1 0.424194 0.244986 0.012903 0.020057
3 0.415323 0.232092 0.008065 0.022923
3 0.342742 0.203438 0.014516 0.017192
3 0.409677 0.163324 0.012903 0.022923
3 0.437903 0.169054 0.017742 0.017192
2 0.421774 0.204871 0.017742 0.020057
3 0.408065 0.574499 0.016129 0.031519
3 0.435484 0.598854 0.029032 0.028653
2 0.720968 0.700573 0.041935 0.054441
3 0.687903 0.557307 0.037097 0.065903
3 0.774194 0.588825 0.041935 0.042980
2 0.528226 0.677650 0.033871 0.042980
3 0.495968 0.578797 0.030645 0.028653
3 0.560484 0.570201 0.030645 0.034384
2 0.658065 0.524355 0.025806 0.034384
3 0.628226 0.455587 0.027419 0.034384
3 0.684677 0.457020 0.027419 0.025788
0 0.741935 0.508596 0.038710 0.088825
3 0.729839 0.457020 0.014516 0.042980
2 0.752419 0.542980 0.017742 0.025788
2 0.506452 0.319484 0.012903 0.025788
3 0.525806 0.266476 0.012903 0.028653
2 0.545968 0.242120 0.008065 0.020057
3 0.540323 0.204871 0.012903 0.014327
3 0.559677 0.209169 0.009677 0.017192
3 0.320161 0.277937 0.017742 0.028653
