0 0.054688 0.222005 0.037109 0.069010
0 0.157715 0.073568 0.026367 0.048177
0 0.643066 0.579427 0.067383 0.135417
0 0.511719 0.356120 0.056641 0.144531
1 0.509766 0.338542 0.035156 0.031250
1 0.636719 0.561198 0.029297 0.028646
1 0.058594 0.222656 0.015625 0.015625
3 0.032227 0.208984 0.021484 0.014323
3 0.065430 0.203776 0.013672 0.019531
2 0.050293 0.246745 0.014648 0.016927
3 0.152832 0.065104 0.012695 0.018229
3 0.482910 0.323568 0.024414 0.045573
2 0.628418 0.627604 0.032227 0.033854
3 0.668457 0.504557 0.032227 0.058594
3 0.608398 0.521484 0.021484 0.027344
