0 0.164551 0.232422 0.061523 0.136719
0 0.333008 0.464844 0.089844 0.171875
0 0.520508 0.508464 0.083984 0.170573
0 0.935059 0.421875 0.083008 0.140625
1 0.303223 0.435547 0.028320 0.035156
1 0.549805 0.484375 0.027344 0.031250
1 0.188965 0.204427 0.018555 0.028646
1 0.143555 0.207682 0.027344 0.029948
1 0.367676 0.438802 0.030273 0.033854
1 0.487305 0.470703 0.033203 0.037760
2 0.339844 0.516276 0.048828 0.055990
2 0.506348 0.558594 0.053711 0.070312
2 0.928223 0.470703 0.045898 0.040365
2 0.162109 0.268880 0.037109 0.050781
3 0.066406 0.402995 0.072266 0.045573
3 0.157715 0.363932 0.063477 0.066406
3 0.130371 0.163411 0.036133 0.061198
3 0.209473 0.173177 0.043945 0.044271
3 0.275879 0.404948 0.059570 0.052083
3 0.394043 0.408203 0.067383 0.045573
3 0.496582 0.407552 0.034180 0.070312
3 0.589355 0.437500 0.067383 0.067708
3 0.926270 0.396484 0.034180 0.076823
