0 0.373047 0.555637 0.062500 0.124451
0 0.595215 0.291362 0.057617 0.105417
0 0.398926 0.244510 0.041992 0.128843
0 0.615723 0.601757 0.057617 0.125915
0 0.778809 0.669107 0.055664 0.102489
0 0.654297 0.419473 0.060547 0.124451
1 0.362305 0.551245 0.029297 0.039531
1 0.600098 0.579063 0.028320 0.045388
1 0.638672 0.590044 0.027344 0.035139
1 0.763184 0.644949 0.026367 0.030747
1 0.798340 0.653734 0.024414 0.030747
1 0.584473 0.267936 0.022461 0.032211
1 0.646973 0.397511 0.034180 0.033675
1 0.619629 0.278917 0.026367 0.033675
1 0.407715 0.234993 0.024414 0.033675
3 0.353516 0.068082 0.021484 0.045388
3 0.394043 0.090044 0.024414 0.045388
3 0.405762 0.289898 0.018555 0.032211
3 0.377930 0.158858 0.021484 0.033675
3 0.393555 0.191069 0.023438 0.042460
3 0.348145 0.519034 0.020508 0.045388
2 0.383301 0.601025 0.030273 0.033675
2 0.617676 0.638360 0.034180 0.043924
3 0.587891 0.551245 0.025391 0.036603
3 0.648926 0.566618 0.024414 0.035139
2 0.664551 0.464861 0.030273 0.033675
3 0.629883 0.362372 0.029297 0.045388
2 0.592773 0.320644 0.031250 0.040996
3 0.575684 0.237189 0.020508 0.032211
3 0.631348 0.260615 0.024414 0.035139
2 0.782227 0.699122 0.029297 0.036603
3 0.752930 0.612738 0.021484 0.033675
3 0.810059 0.625183 0.020508 0.032211
