0 0.394688 0.417083 0.056875 0.104167
0 0.711562 0.417083 0.065625 0.129167
0 0.332813 0.326667 0.029375 0.046667
0 0.496875 0.324583 0.026250 0.049167
0 0.533125 0.340833 0.027500 0.046667
0 0.579688 0.268750 0.019375 0.037500
0 0.584063 0.299583 0.026875 0.032500
0 0.715938 0.312917 0.020625 0.034167
1 0.378125 0.398333 0.020000 0.021667
1 0.413125 0.405833 0.017500 0.025000
1 0.730938 0.416250 0.028125 0.037500
1 0.341875 0.324167 0.013750 0.013333
1 0.540937 0.336667 0.013125 0.015000
1 0.523438 0.333750 0.011875 0.015833
1 0.503437 0.320417 0.013125 0.014167
1 0.486563 0.316250 0.009375 0.014167
1 0.584688 0.267083 0.011875 0.012500
2 0.329062 0.339583 0.011875 0.014167
3 0.347813 0.338333 0.014375 0.045000
3 0.319375 0.329583 0.011250 0.037500
3 0.418438 0.329167 0.025625 0.035000
3 0.379688 0.332083 0.021875 0.034167
2 0.394688 0.452500 0.028125 0.035000
3 0.428438 0.437917 0.028125 0.094167
3 0.360625 0.422500 0.027500 0.081667
2 0.529375 0.355833 0.013750 0.016667
3 0.549063 0.347500 0.014375 0.031667
3 0.515000 0.346667 0.013750 0.036667
2 0.495000 0.341667 0.012500 0.013333
3 0.509375 0.332083 0.010000 0.034167
3 0.482187 0.330417 0.010625 0.032500
3 0.582187 0.300000 0.018125 0.013333
2 0.574063 0.281250 0.008125 0.012500
3 0.587812 0.279167 0.013125 0.026667
2 0.593437 0.307917 0.009375 0.012500
3 0.636250 0.355000 0.020000 0.026667
3 0.668125 0.369167 0.017500 0.046667
3 0.728750 0.322917 0.008750 0.034167
3 0.711875 0.332500 0.012500 0.021667
2 0.699688 0.465000 0.031875 0.031667
3 0.741875 0.464583 0.042500 0.140833
3 0.686562 0.496250 0.026875 0.054167
3 0.682187 0.332500 0.019375 0.016667
