0 0.341797 0.406576 0.044922 0.072266
0 0.357178 0.354818 0.039551 0.052083
0 0.501465 0.262695 0.019531 0.034505
0 0.400635 0.557292 0.062988 0.088542
0 0.482422 0.380859 0.048828 0.069010
0 0.776367 0.299805 0.024414 0.037109
0 0.949463 0.333659 0.036621 0.046224
0 0.853760 0.448568 0.051270 0.069010
0 0.879883 0.681641 0.091797 0.085938
1 0.366211 0.345378 0.013672 0.017578
1 0.958252 0.328451 0.010254 0.014974
1 0.881592 0.652018 0.023926 0.030599
1 0.489258 0.375326 0.022461 0.024089
1 0.845215 0.439779 0.022461 0.020182
1 0.185303 0.457357 0.017090 0.020182
3 0.100586 0.351888 0.013672 0.031901
0 0.180420 0.471029 0.036621 0.068359
3 0.131836 0.441732 0.034180 0.024089
2 0.187500 0.490885 0.012695 0.020833
3 0.222412 0.454753 0.029785 0.024089
3 0.326172 0.400065 0.022461 0.027995
2 0.355225 0.429688 0.017090 0.022135
3 0.339844 0.338216 0.020508 0.014974
3 0.376465 0.340495 0.015625 0.015625
3 0.350342 0.368490 0.015137 0.019531
3 0.046875 0.680013 0.041016 0.031901
3 0.378418 0.551758 0.053711 0.033203
3 0.437744 0.529297 0.022949 0.029948
3 0.489258 0.259766 0.010742 0.023438
3 0.507324 0.261719 0.006836 0.019531
2 0.499512 0.274740 0.010742 0.011719
3 0.503174 0.287109 0.017090 0.015625
3 0.528076 0.290690 0.015137 0.014974
3 0.661621 0.350260 0.025391 0.020833
3 0.696289 0.341797 0.013672 0.014323
3 0.773926 0.299154 0.017578 0.027995
0 0.844971 0.233398 0.018066 0.025391
3 0.836426 0.225260 0.011719 0.011719
3 0.937012 0.346354 0.011719 0.016927
3 0.937500 0.317057 0.022461 0.015625
3 0.965088 0.327148 0.019043 0.018880
3 0.847412 0.431315 0.047363 0.029297
2 0.855713 0.708659 0.023926 0.030599
3 0.883789 0.619792 0.035156 0.049479
3 0.916748 0.719727 0.018066 0.056641
3 0.801514 0.223958 0.008301 0.007812
