0 0.244792 0.404630 0.108333 0.242593
0 0.798438 0.167593 0.055208 0.168519
0 0.906771 0.307407 0.094792 0.192593
0 0.488542 0.876852 0.106250 0.246296
1 0.204167 0.366667 0.035417 0.059259
1 0.272917 0.360185 0.033333 0.057407
1 0.938542 0.270370 0.037500 0.074074
1 0.513542 0.851852 0.050000 0.074074
2 0.236458 0.493519 0.058333 0.079630
3 0.298958 0.463889 0.054167 0.261111
3 0.192708 0.479630 0.047917 0.225926
2 0.463021 0.961111 0.051042 0.070370
3 0.763542 0.218519 0.043750 0.229630
1 0.800521 0.151852 0.038542 0.062963
2 0.801042 0.222222 0.035417 0.055556
2 0.876042 0.364815 0.033333 0.066667
3 0.947917 0.356481 0.077083 0.187037
3 0.549479 0.921296 0.076042 0.157407
