0 0.656835 0.688477 0.243165 0.187500
0 0.341727 0.754883 0.099281 0.138672
0 0.577698 0.895020 0.378417 0.139648
1 0.585612 0.693848 0.057554 0.051758
1 0.558273 0.913086 0.094964 0.046875
2 0.342446 0.794922 0.077698 0.050781
3 0.413669 0.729492 0.082014 0.048828
3 0.553957 0.735840 0.086331 0.065430
2 0.722302 0.624512 0.109353 0.061523
3 0.928058 0.722656 0.089209 0.083984
3 0.414388 0.837891 0.071942 0.048828
3 0.465468 0.966309 0.079137 0.067383
2 0.710791 0.885254 0.094964 0.075195
3 0.674820 0.804688 0.123741 0.050781
