0 0.398438 0.433088 0.068359 0.089706
0 0.557617 0.435294 0.064453 0.135294
0 0.819824 0.449265 0.045898 0.116176
1 0.548340 0.386765 0.020508 0.047059
1 0.576172 0.404412 0.015625 0.032353
1 0.808594 0.414706 0.015625 0.029412
1 0.839844 0.421324 0.013672 0.025000
1 0.405762 0.431618 0.018555 0.027941
2 0.375977 0.445588 0.021484 0.038235
3 0.439453 0.427941 0.025391 0.023529
2 0.564453 0.475735 0.037109 0.048529
3 0.531250 0.350735 0.029297 0.039706
3 0.590820 0.365441 0.021484 0.027941
2 0.818359 0.488971 0.027344 0.027941
3 0.795410 0.380882 0.030273 0.035294
3 0.861816 0.391912 0.024414 0.019118
