0 0.251465 0.409753 0.053711 0.074236
0 0.470215 0.236536 0.055664 0.088792
0 0.509766 0.711063 0.050781 0.085881
0 0.834473 0.585881 0.053711 0.088792
1 0.496094 0.692140 0.013672 0.018923
1 0.525391 0.696507 0.013672 0.021834
1 0.237305 0.398108 0.017578 0.021834
1 0.265137 0.398108 0.018555 0.021834
2 0.249512 0.430859 0.020508 0.029112
2 0.470215 0.262009 0.020508 0.029112
3 0.275879 0.382824 0.016602 0.026201
3 0.225098 0.387191 0.018555 0.023290
3 0.499512 0.199418 0.020508 0.026201
3 0.433594 0.197234 0.021484 0.024745
0 0.251465 0.714702 0.036133 0.064047
2 0.510254 0.735808 0.026367 0.033479
3 0.483887 0.679767 0.020508 0.032023
3 0.541016 0.687045 0.019531 0.026201
2 0.849609 0.610626 0.021484 0.036390
1 0.827637 0.578603 0.026367 0.030568
