0 0.534180 0.417476 0.078125 0.121359
0 0.500977 0.566748 0.064453 0.065534
0 0.765137 0.673544 0.055664 0.072816
0 0.358398 0.195995 0.056641 0.081311
1 0.513672 0.388350 0.019531 0.026699
1 0.558594 0.399879 0.025391 0.025485
1 0.502930 0.560680 0.019531 0.019417
1 0.348145 0.172330 0.024414 0.021845
1 0.376465 0.183859 0.022461 0.025485
1 0.753418 0.667476 0.022461 0.024272
1 0.780762 0.668083 0.020508 0.025485
3 0.348633 0.151092 0.021484 0.027913
3 0.387695 0.172330 0.027344 0.024272
2 0.351562 0.222087 0.027344 0.029126
3 0.504883 0.359223 0.039062 0.050971
3 0.581543 0.381675 0.045898 0.047330
2 0.527344 0.458131 0.041016 0.042476
2 0.481445 0.579490 0.025391 0.027913
3 0.532715 0.546723 0.030273 0.032767
3 0.529785 0.526699 0.026367 0.026699
3 0.547852 0.561893 0.023438 0.033981
3 0.576660 0.565534 0.022461 0.041262
