0 0.503440 0.195773 0.126329 0.324805
0 0.764853 0.218020 0.217636 0.433815
0 0.889306 0.779199 0.218887 0.439377
1 0.456848 0.134038 0.040650 0.070078
1 0.546279 0.165740 0.040650 0.073415
1 0.706692 0.152948 0.075047 0.127920
1 0.811445 0.743048 0.056911 0.109010
1 0.978424 0.765295 0.041901 0.111235
2 0.818324 0.362625 0.099437 0.149055
2 0.486241 0.284205 0.073171 0.119021
3 0.417761 0.260845 0.077548 0.241379
3 0.604753 0.289766 0.122577 0.439377
3 0.556598 0.260845 0.052533 0.185762
3 0.751720 0.802002 0.101313 0.395996
