0 0.085417 0.502778 0.039583 0.052778
0 0.508854 0.608333 0.067708 0.127778
0 0.676562 0.609028 0.048958 0.101389
0 0.613021 0.543056 0.048958 0.108333
0 0.718229 0.325694 0.036458 0.065278
0 0.697917 0.238194 0.033333 0.059722
0 0.854688 0.377778 0.032292 0.047222
0 0.590625 0.461111 0.039583 0.088889
0 0.528646 0.526389 0.034375 0.072222
1 0.506771 0.591667 0.034375 0.036111
1 0.629167 0.522917 0.025000 0.043056
1 0.676562 0.601389 0.026042 0.036111
3 0.118750 0.516667 0.022917 0.047222
3 0.498437 0.368056 0.019792 0.055556
2 0.528125 0.652083 0.025000 0.031944
3 0.728125 0.615278 0.068750 0.077778
2 0.662500 0.642361 0.018750 0.031944
2 0.606250 0.573611 0.029167 0.038889
2 0.636458 0.566667 0.027083 0.125000
2 0.586458 0.492361 0.022917 0.023611
1 0.605208 0.444444 0.020833 0.025000
3 0.614062 0.457639 0.026042 0.073611
3 0.704167 0.334722 0.020833 0.069444
2 0.722917 0.349306 0.018750 0.018056
1 0.860417 0.375000 0.014583 0.016667
2 0.848437 0.389583 0.013542 0.015278
3 0.872917 0.386806 0.016667 0.040278
3 0.548958 0.538889 0.027083 0.097222
