0 0.536133 0.089410 0.076172 0.175347
0 0.770508 0.103299 0.109375 0.203125
1 0.560547 0.030382 0.027344 0.046875
0 0.348633 0.408854 0.050781 0.098958
0 0.393555 0.329861 0.066406 0.159722
1 0.409180 0.322917 0.025391 0.041667
3 0.315918 0.403646 0.055664 0.057292
2 0.381348 0.388021 0.024414 0.036458
3 0.431641 0.299479 0.031250 0.071181
2 0.516602 0.143229 0.031250 0.050347
2 0.741211 0.158854 0.046875 0.081597
3 0.758789 0.465278 0.033203 0.090278
3 0.853027 0.029514 0.040039 0.055556
3 0.584961 0.018229 0.031250 0.032986
