0 0.527344 0.479167 0.091797 0.171875
1 0.496094 0.430339 0.027344 0.037760
1 0.562012 0.436198 0.026367 0.033854
0 0.645508 0.125651 0.042969 0.076823
0 0.117676 0.156250 0.063477 0.062500
0 0.931152 0.230469 0.059570 0.072917
1 0.135254 0.149089 0.022461 0.022135
1 0.657715 0.112630 0.020508 0.022135
1 0.633301 0.111328 0.020508 0.019531
1 0.933594 0.218750 0.017578 0.015625
2 0.096680 0.160807 0.019531 0.029948
3 0.146973 0.151693 0.016602 0.022135
3 0.468262 0.407552 0.047852 0.049479
3 0.589844 0.425781 0.054688 0.044271
2 0.525391 0.530599 0.050781 0.063802
3 0.619629 0.117188 0.026367 0.020833
3 0.669922 0.112630 0.019531 0.019531
2 0.642578 0.146484 0.023438 0.027344
3 0.959473 0.214844 0.020508 0.026042
