0 0.496094 0.499349 0.050781 0.095052
0 0.334961 0.733073 0.064453 0.153646
0 0.645508 0.606120 0.107422 0.225260
0 0.544434 0.359375 0.041992 0.078125
0 0.285645 0.347005 0.028320 0.055990
0 0.557617 0.300781 0.042969 0.070312
0 0.336426 0.276693 0.032227 0.055990
0 0.113770 0.322266 0.032227 0.055990
0 0.545898 0.180339 0.029297 0.040365
0 0.548340 0.236979 0.036133 0.052083
1 0.688477 0.585938 0.035156 0.059896
1 0.516602 0.477865 0.013672 0.018229
1 0.475586 0.484375 0.013672 0.015625
1 0.277344 0.340495 0.015625 0.019531
1 0.344727 0.265625 0.013672 0.015625
1 0.556641 0.230469 0.013672 0.020833
1 0.357422 0.686198 0.027344 0.033854
3 0.133301 0.377604 0.026367 0.036458
3 0.100586 0.386719 0.025391 0.049479
2 0.112305 0.342448 0.015625 0.015625
2 0.289551 0.362630 0.012695 0.016927
3 0.303711 0.354167 0.017578 0.028646
3 0.270508 0.354818 0.011719 0.042969
2 0.329102 0.291667 0.017578 0.023438
3 0.357422 0.281250 0.019531 0.059896
0 0.468262 0.231120 0.026367 0.048177
3 0.454102 0.236979 0.011719 0.036458
3 0.485352 0.233073 0.013672 0.033854
2 0.502930 0.520833 0.033203 0.046875
3 0.530762 0.509115 0.026367 0.049479
3 0.452637 0.511068 0.051758 0.050781
2 0.619629 0.679688 0.057617 0.072917
3 0.385254 0.708984 0.053711 0.128906
2 0.346680 0.787760 0.033203 0.039062
3 0.289551 0.732422 0.034180 0.123698
3 0.778809 0.296875 0.032227 0.067708
3 0.734863 0.293620 0.020508 0.050781
3 0.585938 0.298828 0.025391 0.024740
3 0.568359 0.325521 0.019531 0.020833
3 0.548828 0.297526 0.021484 0.037760
1 0.556641 0.292318 0.017578 0.019531
2 0.541992 0.193359 0.011719 0.014323
