0 0.232422 0.576135 0.046875 0.086384
0 0.412109 0.557833 0.039062 0.084919
0 0.661621 0.490483 0.045898 0.081991
0 0.687012 0.479502 0.032227 0.074671
0 0.742676 0.690337 0.032227 0.089312
0 0.812500 0.532943 0.035156 0.087848
1 0.803711 0.521962 0.017578 0.021962
1 0.652344 0.483163 0.025391 0.029283
1 0.407715 0.546852 0.024414 0.030747
1 0.227051 0.569546 0.022461 0.029283
1 0.593262 0.480234 0.024414 0.026354
1 0.779297 0.478770 0.019531 0.023426
2 0.245605 0.603953 0.018555 0.027818
2 0.416504 0.581991 0.024414 0.033675
3 0.390625 0.551977 0.019531 0.043924
3 0.638672 0.499268 0.019531 0.049780
2 0.676758 0.516105 0.017578 0.027818
3 0.577637 0.475842 0.014648 0.020498
2 0.691895 0.499268 0.020508 0.029283
3 0.731445 0.677892 0.021484 0.046852
2 0.746582 0.721083 0.018555 0.024890
2 0.817383 0.560029 0.017578 0.024890
3 0.767578 0.489019 0.017578 0.038067
3 0.653809 0.594436 0.016602 0.020498
0 0.675293 0.611274 0.040039 0.065886
