0 0.266667 0.407292 0.130556 0.145833
0 0.776389 0.354167 0.150000 0.162500
0 0.869444 0.476042 0.072222 0.093750
0 0.753472 0.139583 0.090278 0.091667
1 0.310417 0.379688 0.045833 0.034375
1 0.227778 0.392188 0.063889 0.040625
1 0.711806 0.335417 0.054167 0.043750
1 0.836806 0.345313 0.054167 0.046875
1 0.727083 0.119792 0.037500 0.031250
1 0.774306 0.126042 0.045833 0.029167
2 0.281944 0.463021 0.055556 0.034375
3 0.329167 0.435417 0.055556 0.158333
3 0.231944 0.459896 0.072222 0.136458
3 0.824306 0.411979 0.040278 0.123958
3 0.686806 0.391146 0.068056 0.138542
2 0.755556 0.421354 0.055556 0.023958
2 0.754167 0.168229 0.041667 0.028125
3 0.702778 0.150000 0.041667 0.079167
3 0.772222 0.167708 0.041667 0.077083
