0 0.410645 0.420573 0.100586 0.177083
0 0.319336 0.327474 0.095703 0.186198
0 0.934082 0.038411 0.104492 0.074219
1 0.374512 0.398438 0.018555 0.028646
1 0.438965 0.390625 0.026367 0.031250
1 0.287598 0.298177 0.024414 0.028646
1 0.355469 0.296224 0.025391 0.029948
1 0.911133 0.011068 0.029297 0.019531
2 0.322754 0.390625 0.041992 0.057292
2 0.409180 0.478516 0.046875 0.055990
3 0.477051 0.337240 0.069336 0.085938
3 0.252930 0.263021 0.068359 0.052083
3 0.407227 0.281250 0.091797 0.057292
3 0.422852 0.033203 0.031250 0.037760
3 0.483887 0.012370 0.028320 0.022135
2 0.562012 0.013021 0.038086 0.023438
2 0.964355 0.048177 0.043945 0.054688
3 0.873047 0.017578 0.025391 0.032552
