0 0.079102 0.341797 0.115234 0.339844
0 0.442383 0.364258 0.193359 0.498047
0 0.846191 0.432617 0.102539 0.294922
1 0.367188 0.252930 0.048828 0.087891
1 0.501465 0.232422 0.034180 0.078125
1 0.036133 0.284180 0.029297 0.076172
1 0.124512 0.278320 0.038086 0.076172
1 0.808594 0.394531 0.025391 0.050781
1 0.879883 0.409180 0.029297 0.056641
2 0.065918 0.428711 0.069336 0.115234
3 0.160156 0.251953 0.066406 0.101562
3 0.015625 0.255859 0.029297 0.101562
2 0.475586 0.504883 0.097656 0.189453
3 0.551758 0.186523 0.105469 0.134766
3 0.326660 0.220703 0.067383 0.125000
3 0.778320 0.326172 0.062500 0.125000
3 0.920410 0.386719 0.071289 0.085938
2 0.842773 0.521484 0.060547 0.101562
