0 0.316667 0.502778 0.077083 0.141667
0 0.321875 0.236806 0.039583 0.070833
0 0.410417 0.432639 0.054167 0.084722
0 0.489063 0.574306 0.051042 0.118056
0 0.769271 0.361806 0.053125 0.081944
0 0.858854 0.209028 0.032292 0.054167
0 0.781250 0.628472 0.072917 0.115278
0 0.710417 0.499306 0.064583 0.084722
0 0.835417 0.413194 0.064583 0.070833
0 0.853646 0.747222 0.071875 0.138889
0 0.032813 0.599306 0.061458 0.104167
1 0.285938 0.480556 0.021875 0.036111
1 0.769792 0.618056 0.020833 0.033333
1 0.720313 0.499306 0.032292 0.034722
1 0.754167 0.349306 0.029167 0.031944
1 0.506771 0.563194 0.030208 0.031944
1 0.844792 0.755556 0.031250 0.036111
2 0.329167 0.546528 0.039583 0.048611
2 0.325521 0.256250 0.023958 0.031944
2 0.491146 0.617361 0.030208 0.031944
2 0.688021 0.520139 0.023958 0.034722
2 0.799479 0.663889 0.030208 0.030556
2 0.820312 0.429167 0.030208 0.033333
2 0.860417 0.220139 0.016667 0.023611
2 0.870313 0.797917 0.032292 0.029167
3 0.211979 0.284028 0.026042 0.031944
3 0.251563 0.287500 0.026042 0.033333
3 0.300521 0.239583 0.023958 0.048611
3 0.336458 0.232639 0.025000 0.048611
3 0.276562 0.505556 0.036458 0.097222
3 0.350521 0.490972 0.034375 0.073611
3 0.477604 0.678472 0.040625 0.090278
3 0.402604 0.643750 0.048958 0.059722
3 0.409375 0.434722 0.062500 0.038889
3 0.719792 0.335417 0.039583 0.029167
3 0.794271 0.345833 0.021875 0.033333
3 0.455208 0.554167 0.039583 0.083333
3 0.521354 0.555556 0.028125 0.083333
3 0.735417 0.722222 0.054167 0.072222
3 0.795833 0.833333 0.033333 0.100000
3 0.964583 0.729167 0.054167 0.094444
3 0.901042 0.924306 0.035417 0.084722
3 0.859896 0.831250 0.038542 0.037500
3 0.910937 0.493750 0.036458 0.040278
3 0.956250 0.516667 0.033333 0.030556
3 0.979167 0.572917 0.041667 0.040278
3 0.878125 0.390972 0.041667 0.034722
3 0.841146 0.192361 0.019792 0.018056
3 0.875000 0.200694 0.018750 0.018056
