0 0.553711 0.650073 0.085938 0.137628
0 0.611816 0.896779 0.063477 0.156662
0 0.519043 0.580527 0.047852 0.074671
1 0.542969 0.647145 0.023438 0.035139
1 0.517090 0.586384 0.018555 0.024890
1 0.631348 0.888726 0.018555 0.026354
2 0.578613 0.696193 0.030273 0.042460
3 0.520508 0.629575 0.027344 0.035139
3 0.572266 0.603953 0.027344 0.030747
3 0.503418 0.575403 0.020508 0.029283
3 0.545410 0.545388 0.034180 0.039531
3 0.597656 0.814788 0.035156 0.051245
3 0.675781 0.874085 0.068359 0.040996
2 0.593750 0.957540 0.025391 0.035139
