0 0.400146 0.412760 0.048340 0.046875
0 0.414551 0.367188 0.031250 0.037760
0 0.531006 0.371094 0.037598 0.041667
0 0.597168 0.337891 0.024414 0.033854
0 0.412598 0.466797 0.044922 0.048177
0 0.572021 0.452474 0.050293 0.046875
0 0.546875 0.409505 0.044922 0.039062
0 0.819336 0.411458 0.038086 0.036458
0 0.854004 0.363607 0.020508 0.034505
0 0.926758 0.318034 0.017578 0.027995
0 0.984375 0.558268 0.031250 0.078776
1 0.421631 0.361979 0.010254 0.018229
1 0.537842 0.363281 0.010254 0.015625
1 0.553467 0.402018 0.010254 0.016276
1 0.602295 0.330729 0.007324 0.013021
1 0.407715 0.411784 0.017578 0.018880
1 0.973877 0.547201 0.023926 0.029297
3 0.139160 0.437500 0.030273 0.040365
3 0.083252 0.429036 0.020996 0.044271
3 0.216309 0.495443 0.037109 0.027344
3 0.284424 0.411458 0.027832 0.018229
3 0.323975 0.430013 0.017090 0.030599
3 0.400391 0.452148 0.037109 0.030599
3 0.393311 0.388346 0.020996 0.022786
3 0.401611 0.354492 0.018066 0.014974
3 0.587158 0.321940 0.016113 0.014974
3 0.610596 0.330078 0.010254 0.013021
3 0.546143 0.385742 0.019043 0.013672
3 0.558838 0.404297 0.019043 0.018229
3 0.574707 0.443685 0.037109 0.024089
2 0.517334 0.377604 0.013184 0.019531
2 0.531006 0.414062 0.017090 0.020833
2 0.551270 0.458984 0.012695 0.022135
2 0.591064 0.344727 0.012207 0.014974
2 0.383789 0.421224 0.012695 0.018229
2 0.407715 0.378581 0.014648 0.017578
