0 0.416667 0.304167 0.035417 0.058333
0 0.244271 0.529167 0.063542 0.111111
0 0.645833 0.219444 0.029167 0.036111
0 0.407292 0.877778 0.122917 0.180556
1 0.391667 0.886806 0.041667 0.059722
3 0.263021 0.542361 0.040625 0.079167
2 0.223958 0.563889 0.022917 0.036111
3 0.363021 0.509722 0.038542 0.063889
3 0.578646 0.847222 0.048958 0.197222
3 0.495312 0.809028 0.057292 0.154167
2 0.444792 0.922222 0.041667 0.052778
3 0.352604 0.955556 0.057292 0.088889
3 0.477604 0.509028 0.026042 0.070833
3 0.519271 0.493750 0.026042 0.062500
3 0.431250 0.312500 0.037500 0.061111
3 0.607292 0.377083 0.020833 0.079167
3 0.568750 0.356944 0.016667 0.058333
