0 0.615136 0.506836 0.197930 0.169922
0 0.234799 0.514648 0.133247 0.123047
1 0.554981 0.506836 0.041397 0.031250
1 0.661061 0.469727 0.038810 0.033203
1 0.241915 0.481934 0.043984 0.030273
2 0.209573 0.550781 0.054334 0.035156
3 0.038163 0.539551 0.042691 0.032227
3 0.095084 0.524414 0.032342 0.039062
3 0.241268 0.450195 0.068564 0.033203
2 0.632600 0.548340 0.106080 0.065430
3 0.683700 0.407227 0.084088 0.080078
3 0.489651 0.509277 0.133247 0.063477
3 0.882924 0.584961 0.032342 0.029297
3 0.930142 0.405273 0.077620 0.052734
0 0.858991 0.614746 0.064683 0.059570
2 0.850582 0.633789 0.032342 0.021484
