0 0.304688 0.266276 0.042969 0.063802
0 0.350098 0.228516 0.032227 0.050781
0 0.475098 0.280599 0.041992 0.066406
0 0.471680 0.363281 0.048828 0.088542
0 0.586426 0.359375 0.053711 0.093750
0 0.366211 0.557943 0.076172 0.139323
0 0.413086 0.445964 0.076172 0.113281
1 0.341309 0.540365 0.026367 0.028646
1 0.396973 0.526693 0.016602 0.024740
1 0.452637 0.357422 0.014648 0.019531
1 0.570801 0.346354 0.016602 0.020833
1 0.603516 0.343750 0.011719 0.015625
1 0.384766 0.430990 0.017578 0.018229
1 0.459473 0.268880 0.016602 0.024740
1 0.487305 0.264323 0.015625 0.018229
1 0.291016 0.259115 0.013672 0.020833
2 0.306641 0.285807 0.019531 0.019531
2 0.354004 0.242839 0.016602 0.019531
3 0.367676 0.227214 0.018555 0.032552
3 0.332520 0.223307 0.014648 0.024740
1 0.360352 0.218750 0.013672 0.015625
1 0.344727 0.224609 0.013672 0.016927
3 0.428223 0.278646 0.028320 0.036458
2 0.477051 0.302734 0.020508 0.024740
3 0.452637 0.287109 0.014648 0.045573
3 0.284180 0.274089 0.015625 0.037760
3 0.322754 0.269531 0.012695 0.039062
3 0.497559 0.363281 0.020508 0.062500
3 0.444336 0.375651 0.017578 0.061198
2 0.416504 0.483073 0.030273 0.033854
3 0.449219 0.444010 0.033203 0.075521
3 0.371094 0.443359 0.039062 0.069010
2 0.383301 0.607422 0.038086 0.042969
3 0.310547 0.544922 0.050781 0.079427
3 0.417969 0.514974 0.060547 0.055990
3 0.477051 0.582031 0.047852 0.031250
3 0.414551 0.596354 0.041992 0.041667
2 0.481934 0.392578 0.026367 0.027344
2 0.597168 0.388021 0.024414 0.033854
3 0.613770 0.354167 0.016602 0.046875
3 0.551758 0.357422 0.031250 0.042969
3 0.646973 0.573568 0.036133 0.069010
3 0.577637 0.598307 0.043945 0.084635
3 0.523926 0.480469 0.032227 0.070312
3 0.576172 0.450521 0.029297 0.033854
