0 0.163574 0.477974 0.278320 0.635830
0 0.494141 0.372981 0.294922 0.678414
0 0.850098 0.653451 0.260742 0.693098
1 0.360352 0.221733 0.070312 0.105727
1 0.604004 0.220999 0.067383 0.110132
1 0.046387 0.320852 0.057617 0.077827
1 0.291504 0.297357 0.057617 0.095448
1 0.731934 0.530103 0.065430 0.108664
1 0.947266 0.544053 0.093750 0.133627
2 0.178223 0.701909 0.168945 0.190896
2 0.493652 0.603524 0.157227 0.211454
2 0.798340 0.919236 0.149414 0.161527
3 0.679199 0.497797 0.102539 0.199706
3 0.687012 0.190162 0.141602 0.151248
3 0.265137 0.176211 0.159180 0.149780
