0 0.333008 0.512370 0.154297 0.167969
0 0.131836 0.158203 0.078125 0.128906
0 0.365723 0.184245 0.065430 0.131510
0 0.928223 0.188802 0.098633 0.161458
0 0.521973 0.765625 0.120117 0.171875
0 0.641602 0.763021 0.111328 0.174479
0 0.603516 0.563151 0.136719 0.191406
0 0.952637 0.621745 0.090820 0.188802
0 0.048340 0.169271 0.081055 0.106771
0 0.030762 0.060547 0.049805 0.082031
1 0.303223 0.531250 0.038086 0.046875
1 0.355469 0.468099 0.033203 0.045573
1 0.494629 0.776042 0.038086 0.044271
1 0.576172 0.562500 0.042969 0.046875
1 0.666504 0.807943 0.036133 0.040365
1 0.916504 0.197917 0.036133 0.052083
1 0.917969 0.593750 0.035156 0.046875
1 0.136719 0.153646 0.023438 0.026042
1 0.381836 0.185547 0.031250 0.035156
1 0.037598 0.070964 0.026367 0.027344
3 0.020020 0.014974 0.024414 0.027344
3 0.100098 0.106120 0.022461 0.022135
3 0.174805 0.093750 0.044922 0.078125
2 0.074219 0.201823 0.027344 0.033854
1 0.032227 0.171875 0.029297 0.031250
2 0.113770 0.204427 0.034180 0.033854
3 0.326172 0.102214 0.042969 0.048177
3 0.426758 0.155599 0.060547 0.048177
3 0.336426 0.390625 0.057617 0.106771
2 0.381348 0.561198 0.047852 0.059896
3 0.513184 0.532552 0.073242 0.065104
3 0.223633 0.513021 0.091797 0.067708
3 0.638184 0.423177 0.071289 0.093750
2 0.645508 0.627604 0.056641 0.065104
3 0.744629 0.613281 0.073242 0.059896
3 0.775879 0.752604 0.116211 0.096354
2 0.950684 0.696615 0.051758 0.041667
3 0.879883 0.546875 0.068359 0.078125
2 0.954102 0.244141 0.044922 0.053385
3 0.884766 0.173177 0.035156 0.049479
3 0.964844 0.123047 0.044922 0.035156
2 0.563965 0.826823 0.038086 0.044271
3 0.419922 0.714193 0.076172 0.079427
3 0.549805 0.652344 0.064453 0.065104
2 0.589844 0.824219 0.029297 0.046875
3 0.661621 0.519531 0.047852 0.085938
2 0.354492 0.239583 0.037109 0.031250
