0 0.662598 0.509115 0.041992 0.075521
0 0.298340 0.449870 0.020508 0.035156
0 0.475586 0.533203 0.031250 0.048177
0 0.079590 0.468750 0.018555 0.031250
0 0.785156 0.627604 0.031250 0.052083
0 0.732422 0.544922 0.035156 0.050781
0 0.041992 0.443359 0.015625 0.029948
0 0.062012 0.423828 0.014648 0.027344
0 0.111328 0.425130 0.015625 0.027344
0 0.016602 0.402995 0.013672 0.019531
3 0.647949 0.531250 0.024414 0.091146
2 0.741699 0.560547 0.016602 0.019531
2 0.300781 0.457682 0.011719 0.014323
3 0.464844 0.554688 0.027344 0.052083
3 0.007812 0.406250 0.009766 0.020833
3 0.021973 0.405599 0.006836 0.016927
2 0.063477 0.429688 0.009766 0.010417
1 0.469727 0.528646 0.015625 0.015625
1 0.657227 0.494792 0.017578 0.018229
1 0.777344 0.626302 0.015625 0.018229
2 0.792969 0.644531 0.015625 0.018229
