0 0.467773 0.594340 0.107422 0.219158
0 0.241211 0.408563 0.080078 0.103048
0 0.130371 0.392598 0.075195 0.082729
0 0.056641 0.484035 0.064453 0.091437
0 0.289062 0.362845 0.046875 0.098694
0 0.532227 0.331640 0.039062 0.074020
0 0.447266 0.374456 0.048828 0.055152
1 0.422852 0.540639 0.029297 0.042090
1 0.502930 0.544993 0.031250 0.039187
1 0.068848 0.485486 0.028320 0.030479
1 0.218262 0.391147 0.024414 0.030479
1 0.468750 0.381713 0.015625 0.020319
1 0.426758 0.373004 0.017578 0.023222
1 0.137695 0.375181 0.023438 0.027576
2 0.458984 0.664731 0.058594 0.072569
3 0.541504 0.516691 0.065430 0.078374
3 0.401367 0.509434 0.052734 0.058055
2 0.264648 0.437591 0.033203 0.039187
3 0.190430 0.381713 0.029297 0.037736
2 0.295898 0.385341 0.027344 0.039187
3 0.041504 0.468070 0.032227 0.068215
3 0.074219 0.351234 0.035156 0.040639
3 0.260742 0.357765 0.029297 0.036284
3 0.245117 0.338897 0.029297 0.024673
