0 0.548340 0.770191 0.049805 0.092511
0 0.594727 0.725404 0.048828 0.096916
0 0.895508 0.748899 0.037109 0.082232
0 0.791016 0.611601 0.048828 0.077827
0 0.162598 0.488987 0.040039 0.064611
0 0.310547 0.413363 0.031250 0.051395
0 0.270020 0.345081 0.038086 0.064611
0 0.653809 0.317915 0.024414 0.045521
0 0.766602 0.327460 0.027344 0.041116
0 0.458008 0.358297 0.025391 0.049927
0 0.583008 0.352423 0.029297 0.044053
0 0.567383 0.386197 0.025391 0.052863
0 0.614258 0.368576 0.027344 0.041116
0 0.532227 0.362702 0.033203 0.058737
0 0.563965 0.283407 0.024414 0.044053
0 0.702637 0.235683 0.022461 0.045521
0 0.816895 0.317181 0.024414 0.041116
0 0.888184 0.323789 0.026367 0.033774
0 0.900879 0.417034 0.026367 0.041116
0 0.973145 0.362702 0.024414 0.044053
0 0.616211 0.447871 0.029297 0.041116
0 0.228516 0.458150 0.035156 0.058737
1 0.785645 0.604993 0.020508 0.023495
1 0.538086 0.759178 0.017578 0.020558
1 0.586426 0.715125 0.018555 0.023495
1 0.765137 0.323789 0.014648 0.019090
1 0.159180 0.481645 0.017578 0.020558
2 0.172852 0.509545 0.013672 0.020558
3 0.140137 0.491924 0.022461 0.044053
3 0.218262 0.461821 0.014648 0.036711
3 0.266602 0.342144 0.015625 0.041116
3 0.306641 0.410426 0.019531 0.024963
3 0.445801 0.362702 0.014648 0.020558
3 0.471680 0.359031 0.011719 0.033774
3 0.520508 0.362702 0.013672 0.038179
2 0.536133 0.386197 0.011719 0.014684
3 0.555176 0.392805 0.010742 0.030837
2 0.570801 0.396476 0.012695 0.017621
3 0.606934 0.447871 0.010742 0.026432
2 0.617188 0.458150 0.009766 0.014684
3 0.650391 0.325257 0.011719 0.030837
1 0.655762 0.314244 0.016602 0.017621
2 0.560059 0.297357 0.008789 0.013216
3 0.555176 0.283407 0.008789 0.014684
3 0.570801 0.283407 0.012695 0.020558
3 0.633301 0.286344 0.012695 0.020558
0 0.640137 0.283407 0.026367 0.026432
3 0.695801 0.232012 0.012695 0.017621
2 0.593262 0.364905 0.012695 0.019090
2 0.617676 0.380323 0.014648 0.020558
3 0.892090 0.417034 0.012695 0.020558
3 0.911133 0.419971 0.013672 0.020558
3 0.579590 0.779736 0.026367 0.052863
3 0.523438 0.772394 0.023438 0.049927
2 0.553223 0.793686 0.022461 0.030837
3 0.784180 0.618943 0.029297 0.048458
2 0.805176 0.632893 0.018555 0.023495
0 0.886719 0.646843 0.035156 0.069016
3 0.888184 0.653451 0.026367 0.058737
0 0.679688 0.767254 0.054688 0.077827
2 0.604004 0.755507 0.022461 0.027900
3 0.875977 0.751836 0.019531 0.055800
2 0.897461 0.775330 0.021484 0.029369
