0 0.228516 0.579412 0.033203 0.082353
0 0.091797 0.501471 0.039062 0.100000
0 0.792480 0.591176 0.038086 0.097059
0 0.794922 0.439706 0.031250 0.070588
1 0.086426 0.488971 0.018555 0.027941
1 0.779297 0.588971 0.011719 0.019118
2 0.088379 0.536765 0.020508 0.023529
3 0.089844 0.459559 0.025391 0.033824
2 0.221680 0.609559 0.019531 0.022059
1 0.223633 0.578676 0.021484 0.025000
3 0.223145 0.552206 0.024414 0.027941
2 0.793457 0.623529 0.022461 0.026471
3 0.770020 0.556618 0.018555 0.033824
3 0.812500 0.566176 0.025391 0.029412
3 0.784180 0.422059 0.019531 0.017647
