0 0.850098 0.252604 0.057617 0.104167
0 0.089844 0.547526 0.060547 0.152344
0 0.296387 0.559245 0.073242 0.131510
0 0.617676 0.720703 0.038086 0.074219
1 0.267090 0.526693 0.026367 0.027344
1 0.320801 0.529948 0.026367 0.028646
1 0.067383 0.518880 0.021484 0.035156
1 0.117676 0.524740 0.020508 0.036458
1 0.826172 0.230469 0.019531 0.018229
1 0.867188 0.233073 0.017578 0.028646
1 0.600586 0.707031 0.017578 0.020833
1 0.634766 0.712891 0.015625 0.024740
2 0.292969 0.594401 0.044922 0.048177
3 0.341797 0.544271 0.046875 0.083333
3 0.247559 0.548828 0.041992 0.087240
3 0.643555 0.731120 0.025391 0.069010
3 0.591309 0.723307 0.028320 0.082031
2 0.089844 0.595703 0.044922 0.050781
3 0.133301 0.531250 0.038086 0.109375
3 0.053711 0.547526 0.033203 0.095052
2 0.843262 0.281901 0.034180 0.035156
3 0.884766 0.223307 0.027344 0.037760
3 0.808594 0.227214 0.033203 0.045573
2 0.616699 0.744792 0.026367 0.026042
