0 0.298340 0.250000 0.116211 0.182292
0 0.466309 0.513021 0.131836 0.208333
0 0.038086 0.876953 0.074219 0.170573
0 0.604004 0.169271 0.104492 0.153646
0 0.159668 0.154297 0.069336 0.089844
0 0.213379 0.166667 0.055664 0.070312
0 0.933594 0.128906 0.078125 0.109375
0 0.714355 0.111979 0.079102 0.098958
1 0.508301 0.483073 0.047852 0.049479
1 0.336426 0.212891 0.032227 0.042969
1 0.596680 0.139323 0.033203 0.033854
1 0.159180 0.152995 0.027344 0.029948
1 0.209473 0.153646 0.028320 0.033854
1 0.938477 0.113932 0.031250 0.035156
2 0.433594 0.577474 0.060547 0.079427
3 0.440430 0.356120 0.062500 0.118490
3 0.563965 0.402344 0.067383 0.166667
3 0.421387 0.935547 0.079102 0.128906
3 0.521973 0.966146 0.079102 0.067708
2 0.029297 0.942708 0.050781 0.044271
3 0.034180 0.766927 0.052734 0.109375
3 0.026367 0.705078 0.050781 0.100260
2 0.270020 0.301432 0.051758 0.076823
3 0.246094 0.169271 0.070312 0.075521
3 0.367676 0.188802 0.045898 0.098958
2 0.636719 0.214844 0.039062 0.052083
3 0.585938 0.123698 0.091797 0.046875
3 0.673340 0.139323 0.034180 0.044271
3 0.845215 0.152344 0.032227 0.049479
1 0.869141 0.173828 0.031250 0.035156
3 0.029785 0.059245 0.057617 0.087240
3 0.135254 0.127604 0.026367 0.052083
3 0.122559 0.107422 0.026367 0.045573
3 0.190430 0.123047 0.021484 0.058594
3 0.278809 0.127604 0.024414 0.041667
3 0.485840 0.119792 0.026367 0.039062
3 0.511719 0.106120 0.029297 0.040365
3 0.667480 0.067708 0.030273 0.065104
2 0.730957 0.138672 0.032227 0.040365
3 0.891602 0.108724 0.042969 0.063802
3 0.962891 0.080729 0.039062 0.078125
2 0.906738 0.164062 0.034180 0.041667
