0 0.329590 0.377604 0.395508 0.752604
0 0.704102 0.542318 0.185547 0.381510
0 0.839844 0.718750 0.119141 0.252604
1 0.157715 0.134115 0.120117 0.151042
1 0.501465 0.150391 0.083008 0.121094
1 0.623047 0.440104 0.044922 0.052083
1 0.778809 0.458333 0.059570 0.067708
1 0.789551 0.652995 0.036133 0.050781
1 0.969727 0.317708 0.029297 0.041667
3 0.588379 0.516927 0.065430 0.127604
3 0.555176 0.073568 0.125977 0.144531
3 0.856934 0.451172 0.131836 0.092448
3 0.563477 0.419922 0.103516 0.082031
2 0.391602 0.577474 0.283203 0.358073
1 0.563477 0.531250 0.048828 0.057292
2 0.692383 0.658854 0.113281 0.145833
3 0.937012 0.642578 0.124023 0.136719
3 0.765137 0.630859 0.073242 0.147135
2 0.842773 0.802734 0.062500 0.069010
0 0.938477 0.337891 0.123047 0.139323
3 0.966309 0.358073 0.067383 0.091146
2 0.898438 0.381510 0.041016 0.052083
