0 0.187012 0.808594 0.059570 0.101562
0 0.638672 0.514974 0.058594 0.079427
0 0.738770 0.677734 0.055664 0.087240
1 0.201172 0.790365 0.031250 0.031250
1 0.627930 0.506510 0.025391 0.026042
1 0.723145 0.661458 0.022461 0.028646
1 0.756348 0.670573 0.018555 0.020833
1 0.954590 0.640625 0.018555 0.028646
2 0.174316 0.850260 0.030273 0.026042
3 0.164062 0.768880 0.025391 0.019531
3 0.218750 0.774089 0.027344 0.027344
2 0.652832 0.536458 0.022461 0.033854
3 0.602051 0.508464 0.032227 0.024740
3 0.720703 0.546224 0.017578 0.029948
3 0.757812 0.566406 0.025391 0.018229
2 0.732910 0.710938 0.028320 0.023438
3 0.711914 0.648438 0.027344 0.028646
3 0.767578 0.657552 0.027344 0.031250
3 0.937500 0.628906 0.031250 0.031250
0 0.958008 0.656901 0.025391 0.084635
2 0.961914 0.685547 0.013672 0.027344
