0 0.468408 0.708008 0.098420 0.111328
0 0.612394 0.604004 0.087485 0.098633
0 0.697448 0.704102 0.094775 0.101562
1 0.434386 0.690918 0.032807 0.026367
1 0.510328 0.692871 0.038882 0.026367
1 0.582625 0.590820 0.032807 0.023438
1 0.642770 0.598633 0.036452 0.025391
1 0.662819 0.682617 0.035237 0.023438
1 0.730863 0.692871 0.032807 0.024414
2 0.476914 0.741699 0.052248 0.036133
2 0.605711 0.636719 0.042527 0.033203
2 0.687728 0.737793 0.046173 0.032227
3 0.565614 0.554688 0.044957 0.048828
3 0.678007 0.571289 0.053463 0.037109
3 0.407047 0.666504 0.055893 0.034180
3 0.529769 0.661621 0.065614 0.041992
3 0.640340 0.657715 0.058323 0.032227
3 0.761239 0.679199 0.049818 0.030273
