0 0.413086 0.628255 0.042969 0.069010
0 0.521973 0.479818 0.043945 0.061198
0 0.624023 0.461589 0.041016 0.058594
0 0.676758 0.446615 0.042969 0.054688
0 0.369629 0.583333 0.028320 0.065104
1 0.517090 0.474609 0.018555 0.019531
1 0.615723 0.451823 0.020508 0.020833
1 0.662598 0.436198 0.022461 0.020833
1 0.365723 0.576823 0.022461 0.018229
1 0.423340 0.618490 0.018555 0.023438
2 0.420410 0.654948 0.018555 0.015625
2 0.373047 0.610026 0.017578 0.014323
2 0.535156 0.496745 0.017578 0.024740
2 0.635742 0.479167 0.017578 0.023438
2 0.647949 0.477865 0.014648 0.018229
2 0.684570 0.459635 0.019531 0.020833
3 0.352539 0.559245 0.025391 0.019531
3 0.395508 0.604818 0.025391 0.019531
3 0.433105 0.604818 0.028320 0.024740
3 0.496094 0.466146 0.025391 0.020833
3 0.604004 0.449870 0.010742 0.022135
3 0.589355 0.428385 0.024414 0.015625
3 0.625488 0.429688 0.014648 0.013021
3 0.637207 0.447917 0.014648 0.015625
3 0.648926 0.452474 0.018555 0.016927
3 0.688477 0.434245 0.017578 0.014323
3 0.652344 0.434896 0.011719 0.015625
