0 0.290625 0.267593 0.050000 0.131481
0 0.684375 0.399074 0.100000 0.198148
0 0.760417 0.200000 0.035417 0.085185
1 0.663021 0.379630 0.040625 0.066667
1 0.303646 0.255556 0.023958 0.033333
1 0.746354 0.187963 0.019792 0.031481
1 0.773958 0.187963 0.016667 0.031481
2 0.290104 0.307407 0.030208 0.040741
2 0.714063 0.450000 0.034375 0.077778
3 0.642708 0.444444 0.035417 0.100000
3 0.321354 0.285185 0.030208 0.129630
0 0.809896 0.419444 0.078125 0.124074
1 0.781771 0.427778 0.019792 0.037037
1 0.830729 0.399074 0.017708 0.031481
3 0.764583 0.435185 0.020833 0.066667
2 0.760938 0.224074 0.023958 0.029630
3 0.775000 0.225000 0.018750 0.079630
