0 0.454102 0.416667 0.101562 0.187500
1 0.422852 0.376953 0.031250 0.035156
1 0.488770 0.378906 0.032227 0.036458
0 0.812012 0.204427 0.069336 0.096354
0 0.900391 0.275391 0.074219 0.118490
1 0.883301 0.250651 0.026367 0.029948
1 0.797852 0.188151 0.025391 0.029948
1 0.836426 0.191406 0.022461 0.023438
3 0.392090 0.311849 0.059570 0.079427
3 0.517090 0.315755 0.057617 0.069010
2 0.459961 0.477214 0.048828 0.050781
3 0.865723 0.232422 0.032227 0.037760
3 0.951172 0.240234 0.042969 0.040365
2 0.902832 0.313151 0.034180 0.035156
3 0.780762 0.166667 0.028320 0.036458
2 0.813477 0.237630 0.027344 0.027344
3 0.857422 0.172526 0.042969 0.037760
