0 0.288574 0.547526 0.045898 0.079427
0 0.029297 0.095703 0.035156 0.035156
0 0.826172 0.416667 0.019531 0.036458
0 0.237793 0.215495 0.038086 0.058594
0 0.320801 0.283854 0.028320 0.052083
0 0.730469 0.768229 0.037109 0.072917
0 0.143555 0.244792 0.027344 0.036458
1 0.272461 0.531901 0.013672 0.016927
1 0.305176 0.536458 0.020508 0.026042
1 0.232422 0.212891 0.019531 0.019531
3 0.260254 0.544271 0.026367 0.065104
3 0.314453 0.549479 0.021484 0.049479
2 0.289062 0.571615 0.023438 0.026042
3 0.928223 0.515625 0.012695 0.026042
3 0.956543 0.523438 0.012695 0.023438
3 0.520508 0.354818 0.013672 0.032552
3 0.484375 0.233073 0.015625 0.015625
3 0.339355 0.416016 0.016602 0.035156
3 0.028320 0.097656 0.023438 0.023438
