0 0.273926 0.773060 0.325195 0.366032
0 0.532715 0.455344 0.213867 0.407028
0 0.664551 0.169107 0.165039 0.320644
1 0.489258 0.372621 0.058594 0.071742
1 0.240723 0.679356 0.067383 0.067350
1 0.605469 0.089312 0.041016 0.055637
1 0.718262 0.122255 0.047852 0.057101
3 0.069824 0.705710 0.137695 0.117130
3 0.375000 0.329429 0.148438 0.096633
3 0.666016 0.395315 0.101562 0.102489
3 0.555664 0.079063 0.097656 0.093704
3 0.785156 0.114934 0.083984 0.086384
2 0.383789 0.887262 0.101562 0.125915
2 0.591797 0.579063 0.089844 0.156662
2 0.632324 0.265739 0.088867 0.112738
