0 0.577637 0.368189 0.051758 0.094256
0 0.468262 0.331370 0.049805 0.073638
0 0.124512 0.784978 0.086914 0.185567
0 0.570801 0.881443 0.061523 0.072165
0 0.622559 0.708395 0.057617 0.091311
1 0.133301 0.729750 0.030273 0.036819
1 0.602051 0.692931 0.024414 0.030928
1 0.641602 0.690722 0.019531 0.026510
1 0.593262 0.343152 0.022461 0.035346
1 0.449219 0.315906 0.021484 0.027982
1 0.181641 0.097202 0.025391 0.035346
1 0.482422 0.310015 0.017578 0.027982
1 0.556641 0.872607 0.025391 0.030928
0 0.157715 0.145803 0.086914 0.147275
0 0.126465 0.112666 0.022461 0.030928
2 0.171387 0.183358 0.049805 0.060383
2 0.100586 0.849043 0.029297 0.045655
2 0.472656 0.336524 0.029297 0.036819
2 0.567383 0.391753 0.025391 0.038292
2 0.627930 0.719440 0.029297 0.042710
2 0.588379 0.897644 0.022461 0.030928
3 0.107422 0.106775 0.033203 0.039764
3 0.194336 0.077320 0.033203 0.039764
3 0.438477 0.323270 0.019531 0.027982
3 0.489258 0.312224 0.013672 0.017673
3 0.617676 0.333579 0.026367 0.051546
3 0.593262 0.659794 0.018555 0.050074
3 0.641602 0.651694 0.013672 0.057437
3 0.527344 0.849043 0.033203 0.042710
3 0.063965 0.663476 0.026367 0.027982
3 0.155762 0.664948 0.032227 0.039764
3 0.566895 0.831370 0.018555 0.022091
