0 0.715332 0.739583 0.041992 0.072917
0 0.631348 0.277995 0.028320 0.040365
0 0.837891 0.372396 0.025391 0.044271
1 0.709473 0.744141 0.018555 0.022135
0 0.228516 0.179688 0.029297 0.049479
1 0.221680 0.169922 0.013672 0.016927
1 0.238770 0.171224 0.014648 0.016927
1 0.633301 0.274089 0.014648 0.014323
3 0.723145 0.732422 0.014648 0.019531
2 0.704590 0.764323 0.020508 0.020833
3 0.363281 0.492839 0.025391 0.050781
3 0.644043 0.494792 0.020508 0.033854
3 0.963867 0.482422 0.015625 0.022135
0 0.978516 0.483073 0.021484 0.031250
2 0.621094 0.284505 0.013672 0.019531
0 0.166504 0.124349 0.022461 0.029948
3 0.254883 0.235026 0.017578 0.035156
3 0.246094 0.175130 0.013672 0.029948
3 0.218262 0.188151 0.012695 0.029948
2 0.231445 0.197266 0.013672 0.014323
3 0.546875 0.320312 0.017578 0.028646
