0 0.618750 0.368056 0.081250 0.152778
0 0.761979 0.700694 0.051042 0.106944
0 0.922917 0.669444 0.081250 0.113889
0 0.771875 0.584028 0.062500 0.104167
1 0.582812 0.338889 0.028125 0.044444
1 0.650521 0.343056 0.028125 0.036111
1 0.752083 0.564583 0.022917 0.037500
1 0.893750 0.645139 0.022917 0.037500
1 0.944792 0.673611 0.020833 0.030556
1 0.771875 0.697917 0.029167 0.043056
2 0.620313 0.415972 0.040625 0.051389
3 0.678125 0.395139 0.064583 0.090278
3 0.556771 0.386806 0.055208 0.095833
3 0.748958 0.733333 0.037500 0.125000
3 0.947396 0.727083 0.034375 0.131944
3 0.869271 0.670833 0.055208 0.111111
2 0.901042 0.704861 0.033333 0.043056
2 0.759375 0.618750 0.027083 0.029167
3 0.724479 0.563194 0.059375 0.073611
