0 0.481934 0.459004 0.030273 0.048316
0 0.538574 0.466325 0.026367 0.048316
0 0.667969 0.440703 0.023438 0.038067
0 0.206055 0.506589 0.031250 0.046852
1 0.204102 0.500732 0.013672 0.020498
1 0.478516 0.454612 0.011719 0.019034
1 0.532715 0.463397 0.012695 0.016105
3 0.196289 0.490483 0.009766 0.020498
3 0.201660 0.483163 0.006836 0.011713
2 0.215332 0.516105 0.012695 0.019034
2 0.489258 0.475842 0.011719 0.014641
3 0.471191 0.448023 0.008789 0.014641
3 0.518555 0.458272 0.021484 0.014641
3 0.552246 0.459736 0.018555 0.017570
2 0.543457 0.480966 0.012695 0.016105
3 0.661621 0.428990 0.008789 0.014641
2 0.676270 0.446559 0.006836 0.011713
