0 0.391667 0.538889 0.079167 0.125000
0 0.552604 0.249306 0.117708 0.173611
0 0.792188 0.425694 0.071875 0.118056
1 0.522396 0.230556 0.042708 0.055556
1 0.376042 0.536806 0.035417 0.045833
1 0.772917 0.418056 0.033333 0.038889
3 0.360417 0.567361 0.045833 0.112500
2 0.415625 0.577778 0.033333 0.041667
3 0.421875 0.524306 0.029167 0.037500
3 0.582812 0.462500 0.023958 0.066667
3 0.460417 0.190278 0.077083 0.105556
3 0.546875 0.157639 0.035417 0.051389
3 0.742708 0.427083 0.037500 0.081944
2 0.588021 0.303472 0.044792 0.062500
2 0.803646 0.467361 0.038542 0.043056
