0 0.219792 0.204167 0.100000 0.155556
0 0.116667 0.108333 0.045833 0.075000
0 0.166146 0.430556 0.090625 0.119444
1 0.185417 0.184028 0.022917 0.031944
1 0.254688 0.176389 0.019792 0.025000
1 0.501563 0.211806 0.028125 0.029167
0 0.485417 0.218056 0.120833 0.186111
0 0.581771 0.045139 0.051042 0.087500
1 0.594792 0.024306 0.016667 0.018056
0 0.820833 0.075000 0.033333 0.052778
1 0.147396 0.435417 0.032292 0.034722
1 0.126042 0.102778 0.027083 0.027778
3 0.154688 0.516667 0.071875 0.188889
3 0.225521 0.500694 0.055208 0.106944
2 0.191146 0.468056 0.034375 0.038889
2 0.226042 0.252778 0.054167 0.058333
3 0.291667 0.279167 0.066667 0.163889
3 0.200521 0.305556 0.040625 0.183333
2 0.463542 0.280556 0.041667 0.055556
2 0.570833 0.070833 0.027083 0.033333
3 0.600521 0.084028 0.034375 0.131944
3 0.563021 0.119444 0.019792 0.066667
3 0.542188 0.313194 0.053125 0.279167
3 0.069271 0.086806 0.021875 0.065278
3 0.091146 0.077778 0.019792 0.047222
2 0.113542 0.134028 0.027083 0.026389
3 0.808854 0.094444 0.015625 0.055556
3 0.831771 0.091667 0.011458 0.050000
2 0.823438 0.092361 0.015625 0.015278
