0 0.117188 0.431989 0.049375 0.094747
0 0.361250 0.528143 0.071250 0.105066
0 0.434688 0.412758 0.046875 0.108818
0 0.312188 0.345216 0.055625 0.078799
0 0.384375 0.214353 0.033750 0.070356
0 0.581875 0.480769 0.047500 0.111632
0 0.757812 0.323171 0.055625 0.096623
0 0.792813 0.253283 0.045625 0.088180
0 0.925000 0.342871 0.040000 0.094747
0 0.535625 0.246717 0.038750 0.082552
0 0.658438 0.337242 0.043125 0.098499
0 0.479687 0.292214 0.044375 0.089118
0 0.609688 0.347561 0.039375 0.064728
1 0.454375 0.396811 0.015000 0.024390
1 0.599375 0.466229 0.018750 0.031895
1 0.564688 0.462946 0.020625 0.030957
1 0.648438 0.325047 0.013125 0.019700
1 0.345938 0.528143 0.030625 0.031895
1 0.754375 0.315666 0.025000 0.029081
1 0.606563 0.348968 0.025625 0.030019
1 0.114375 0.424484 0.023750 0.030957
1 0.322188 0.339118 0.025625 0.027205
1 0.540625 0.237805 0.023750 0.029081
1 0.785625 0.248124 0.026250 0.029081
1 0.397188 0.207317 0.015625 0.018762
1 0.371875 0.205441 0.017500 0.020638
1 0.921250 0.337242 0.021250 0.023452
2 0.102813 0.464822 0.019375 0.029081
3 0.133125 0.445591 0.022500 0.088180
2 0.293125 0.369606 0.018750 0.028143
3 0.341562 0.361163 0.028125 0.071295
3 0.297500 0.305347 0.021250 0.055347
2 0.383125 0.236867 0.021250 0.029081
3 0.362500 0.217636 0.023750 0.046904
3 0.405938 0.231707 0.020625 0.061914
3 0.435625 0.184803 0.031250 0.033771
2 0.382812 0.555347 0.025625 0.035647
3 0.336562 0.560038 0.056875 0.084428
3 0.412500 0.406660 0.016250 0.083490
3 0.465938 0.414634 0.019375 0.090056
2 0.435312 0.448874 0.024375 0.029081
2 0.577500 0.519231 0.023750 0.032833
3 0.552188 0.459193 0.028125 0.053471
3 0.615313 0.466698 0.028125 0.055347
3 0.577187 0.358349 0.030625 0.056285
1 0.471250 0.287054 0.013750 0.018762
2 0.492188 0.323171 0.020625 0.029081
3 0.450000 0.303471 0.023750 0.074109
2 0.526875 0.273452 0.021250 0.029081
3 0.557813 0.253752 0.024375 0.074109
2 0.665937 0.369606 0.020625 0.030019
3 0.637188 0.343340 0.020625 0.078799
3 0.498750 0.156191 0.032500 0.027205
2 0.774375 0.354128 0.021250 0.032833
2 0.806875 0.280019 0.017500 0.027205
2 0.934688 0.372420 0.021875 0.026266
