0 0.319336 0.526693 0.056641 0.061198
0 0.502930 0.483073 0.056641 0.075521
0 0.848145 0.422526 0.040039 0.061198
0 0.832520 0.310547 0.038086 0.050781
1 0.310059 0.520833 0.024414 0.023438
1 0.504883 0.480469 0.027344 0.026042
1 0.841309 0.412109 0.022461 0.022135
1 0.827637 0.305339 0.016602 0.016927
1 0.846680 0.309245 0.015625 0.016927
2 0.337402 0.542318 0.020508 0.024740
3 0.288574 0.506510 0.024414 0.033854
3 0.320312 0.488932 0.013672 0.029948
2 0.522949 0.503255 0.016602 0.024740
3 0.484863 0.462891 0.014648 0.024740
3 0.481445 0.445312 0.019531 0.031250
3 0.778320 0.322266 0.021484 0.035156
3 0.815918 0.341797 0.028320 0.022135
3 0.820312 0.296875 0.013672 0.015625
3 0.854980 0.302083 0.014648 0.015625
2 0.806641 0.401042 0.019531 0.023438
2 0.858398 0.442057 0.017578 0.019531
2 0.835449 0.328125 0.014648 0.018229
3 0.827637 0.406901 0.016602 0.022135
