0 0.098633 0.255892 0.097656 0.171717
0 0.303711 0.229798 0.095703 0.210438
0 0.562012 0.151515 0.077148 0.161616
0 0.718262 0.136364 0.088867 0.198653
0 0.114258 0.105219 0.091797 0.149832
0 0.456543 0.083333 0.086914 0.163300
1 0.746094 0.106061 0.031250 0.050505
1 0.587891 0.116162 0.029297 0.047138
1 0.477051 0.067340 0.032227 0.047138
1 0.336426 0.193603 0.034180 0.060606
1 0.127930 0.215488 0.037109 0.057239
1 0.134766 0.089226 0.035156 0.043771
2 0.076172 0.306397 0.046875 0.077441
2 0.278320 0.289562 0.046875 0.074074
2 0.433594 0.132997 0.035156 0.060606
2 0.544434 0.197811 0.045898 0.065657
2 0.689941 0.191919 0.045898 0.070707
3 0.171875 0.177609 0.054688 0.072391
3 0.170410 0.064815 0.047852 0.062290
3 0.390625 0.166667 0.062500 0.063973
3 0.307617 0.139731 0.033203 0.043771
3 0.515625 0.049663 0.044922 0.045455
3 0.558105 0.065657 0.026367 0.037037
3 0.621582 0.090909 0.040039 0.067340
3 0.724121 0.044613 0.032227 0.042088
3 0.790527 0.082492 0.063477 0.060606
2 0.085938 0.166667 0.033203 0.050505
3 0.102051 0.053030 0.028320 0.045455
