0 0.168750 0.828125 0.068750 0.131250
0 0.471094 0.853125 0.095312 0.147917
0 0.402344 0.472917 0.048438 0.070833
0 0.567187 0.662500 0.087500 0.112500
0 0.478125 0.425000 0.028125 0.062500
0 0.493750 0.340625 0.031250 0.056250
0 0.534375 0.493750 0.037500 0.066667
0 0.862500 0.553125 0.062500 0.106250
0 0.840625 0.426042 0.043750 0.064583
0 0.727344 0.372917 0.032813 0.054167
0 0.981250 0.466667 0.034375 0.083333
0 0.640625 0.328125 0.037500 0.043750
0 0.679688 0.368750 0.034375 0.050000
0 0.212500 0.312500 0.037500 0.050000
0 0.617969 0.384375 0.035937 0.056250
1 0.140625 0.811458 0.028125 0.031250
1 0.846875 0.534375 0.025000 0.039583
1 0.456250 0.856250 0.034375 0.037500
1 0.581250 0.653125 0.034375 0.031250
1 0.527344 0.483333 0.023438 0.025000
1 0.552344 0.477083 0.023438 0.025000
1 0.846875 0.406250 0.021875 0.025000
1 0.389844 0.456250 0.023438 0.025000
2 0.178125 0.867708 0.028125 0.043750
3 0.215625 0.861458 0.040625 0.131250
3 0.139844 0.890625 0.029687 0.181250
3 0.433594 0.907292 0.060937 0.185417
2 0.539844 0.681250 0.029687 0.045833
3 0.625000 0.713542 0.053125 0.114583
3 0.381250 0.510417 0.031250 0.100000
2 0.417969 0.486458 0.017188 0.031250
2 0.540625 0.513542 0.021875 0.022917
3 0.525000 0.531250 0.021875 0.100000
3 0.562500 0.517708 0.025000 0.093750
0 0.628125 0.530208 0.046875 0.093750
3 0.662500 0.536458 0.034375 0.068750
3 0.596875 0.545833 0.037500 0.075000
1 0.468750 0.416667 0.012500 0.016667
1 0.487500 0.416667 0.012500 0.016667
3 0.465625 0.450000 0.012500 0.087500
2 0.475000 0.447917 0.018750 0.020833
3 0.228125 0.338542 0.018750 0.056250
3 0.487500 0.358333 0.012500 0.062500
2 0.825000 0.441667 0.015625 0.025000
2 0.731250 0.387500 0.015625 0.016667
3 0.709375 0.375000 0.015625 0.054167
3 0.750000 0.368750 0.015625 0.045833
2 0.627344 0.561458 0.029687 0.027083
2 0.877344 0.588542 0.032813 0.039583
1 0.978125 0.453125 0.021875 0.022917
