0 0.598633 0.450684 0.105469 0.124023
0 0.446777 0.576660 0.092773 0.112305
0 0.633301 0.819336 0.098633 0.123047
1 0.407715 0.562012 0.038086 0.032227
1 0.563965 0.430176 0.041992 0.032227
1 0.633301 0.424805 0.043945 0.029297
3 0.366211 0.562012 0.066406 0.040039
3 0.496582 0.562500 0.057617 0.048828
2 0.467285 0.607422 0.047852 0.050781
2 0.603027 0.486816 0.065430 0.051758
3 0.655762 0.426270 0.047852 0.047852
3 0.539062 0.433594 0.044922 0.046875
3 0.576172 0.812012 0.035156 0.094727
3 0.662109 0.781738 0.033203 0.047852
2 0.647461 0.864746 0.046875 0.038086
1 0.607422 0.812500 0.033203 0.033203
