0 0.281771 0.522917 0.155208 0.251389
0 0.722396 0.422222 0.103125 0.211111
0 0.425000 0.143056 0.062500 0.127778
0 0.620313 0.236111 0.057292 0.100000
1 0.760938 0.399306 0.040625 0.054167
1 0.677604 0.376389 0.042708 0.047222
1 0.626563 0.229167 0.028125 0.041667
1 0.251042 0.532639 0.052083 0.062500
1 0.439063 0.135417 0.028125 0.040278
3 0.213542 0.605556 0.102083 0.297222
3 0.432292 0.203472 0.045833 0.123611
2 0.696875 0.495139 0.054167 0.062500
3 0.645312 0.446528 0.069792 0.198611
3 0.764062 0.484722 0.098958 0.213889
3 0.660417 0.261806 0.041667 0.123611
