0 0.278809 0.441997 0.149414 0.240822
0 0.824219 0.448605 0.095703 0.209985
0 0.839844 0.328194 0.091797 0.201175
1 0.300293 0.419971 0.038086 0.041116
1 0.799805 0.403084 0.037109 0.051395
1 0.808594 0.298091 0.037109 0.041116
2 0.237793 0.516153 0.059570 0.077827
3 0.336914 0.478708 0.082031 0.193833
2 0.843262 0.516153 0.057617 0.077827
3 0.738281 0.472100 0.080078 0.204112
2 0.863770 0.399413 0.043945 0.073421
3 0.883301 0.350954 0.032227 0.161527
3 0.875000 0.669604 0.068359 0.079295
3 0.980469 0.607195 0.039062 0.069016
3 0.792480 0.306902 0.030273 0.085169
