0 0.077637 0.544922 0.079102 0.097656
0 0.622559 0.470703 0.092773 0.136719
1 0.629883 0.454427 0.031250 0.033854
1 0.076172 0.529948 0.017578 0.028646
2 0.051270 0.574219 0.026367 0.033854
3 0.250977 0.474609 0.039062 0.029948
3 0.309570 0.458333 0.027344 0.052083
3 0.426270 0.478516 0.041992 0.027344
3 0.502930 0.455729 0.042969 0.036458
3 0.673340 0.436849 0.041992 0.045573
3 0.681152 0.398438 0.028320 0.036458
2 0.592285 0.511068 0.032227 0.045573
0 0.319336 0.503255 0.054688 0.087240
2 0.334473 0.528646 0.024414 0.028646
3 0.099121 0.519531 0.034180 0.033854
