0 0.440430 0.226946 0.162109 0.283832
0 0.324219 0.558683 0.083984 0.123353
0 0.725098 0.616168 0.096680 0.137725
1 0.488770 0.188623 0.041992 0.049102
1 0.747559 0.604192 0.036133 0.032335
2 0.399902 0.307186 0.083008 0.097006
2 0.716797 0.662275 0.041016 0.043114
2 0.336914 0.598802 0.035156 0.033533
3 0.289062 0.550299 0.031250 0.063473
3 0.355469 0.556287 0.025391 0.032335
3 0.664062 0.587425 0.062500 0.039521
3 0.771973 0.588024 0.034180 0.052695
3 0.550293 0.173054 0.067383 0.077844
3 0.373047 0.189222 0.042969 0.050299
