0 0.626042 0.338194 0.060417 0.115278
0 0.525521 0.443056 0.046875 0.080556
0 0.427083 0.438194 0.056250 0.098611
0 0.492708 0.493056 0.058333 0.086111
1 0.491667 0.488194 0.031250 0.043056
1 0.605208 0.324306 0.022917 0.034722
1 0.651042 0.316667 0.025000 0.030556
3 0.578646 0.561111 0.032292 0.119444
3 0.590625 0.393056 0.039583 0.147222
3 0.640625 0.400694 0.047917 0.156944
3 0.410417 0.431944 0.022917 0.086111
2 0.429167 0.474306 0.027083 0.026389
2 0.630729 0.377778 0.028125 0.036111
2 0.513021 0.511806 0.021875 0.034722
