0 0.112793 0.271484 0.125977 0.175781
0 0.433594 0.359375 0.105469 0.208333
0 0.699219 0.234375 0.091797 0.182292
1 0.469727 0.313151 0.029297 0.045573
1 0.136719 0.261068 0.044922 0.050781
1 0.728516 0.190755 0.035156 0.040365
2 0.414062 0.427083 0.058594 0.067708
2 0.682617 0.286458 0.058594 0.070312
2 0.073730 0.331380 0.041992 0.048177
3 0.172363 0.273438 0.034180 0.078125
3 0.098633 0.206380 0.023438 0.024740
3 0.373047 0.309245 0.050781 0.048177
3 0.519043 0.305339 0.081055 0.061198
3 0.532715 0.375000 0.079102 0.080729
3 0.675781 0.363932 0.078125 0.087240
3 0.775391 0.221354 0.070312 0.101562
3 0.650879 0.227865 0.032227 0.054688
