0 0.109615 0.142938 0.025641 0.035308
0 0.103205 0.214692 0.019231 0.037585
0 0.179167 0.390661 0.019872 0.036446
0 0.222115 0.346241 0.021154 0.036446
0 0.366026 0.525626 0.032051 0.076310
0 0.467308 0.443052 0.026923 0.056948
0 0.481410 0.521071 0.026923 0.064920
0 0.391026 0.661162 0.037179 0.083144
0 0.570513 0.605923 0.028205 0.066059
1 0.378526 0.511390 0.010897 0.025057
1 0.489103 0.511390 0.012821 0.022779
1 0.396474 0.659453 0.019872 0.029613
1 0.460256 0.439636 0.014103 0.020501
2 0.383333 0.684510 0.016667 0.027335
2 0.360897 0.550683 0.017949 0.026196
3 0.384936 0.536446 0.021154 0.061503
3 0.406090 0.687927 0.026282 0.072893
2 0.572756 0.625285 0.018590 0.027335
3 0.456090 0.451595 0.017308 0.048975
2 0.474679 0.460706 0.010897 0.019362
2 0.180449 0.400342 0.010897 0.014806
2 0.225321 0.358200 0.007051 0.012528
