0 0.341309 0.579179 0.045898 0.073314
0 0.409180 0.476540 0.033203 0.049853
0 0.640137 0.571848 0.028320 0.058651
1 0.407227 0.472141 0.015625 0.020528
3 0.343262 0.563783 0.036133 0.024927
2 0.355469 0.601906 0.015625 0.024927
2 0.417969 0.486804 0.011719 0.014663
2 0.417969 0.486804 0.011719 0.014663
3 0.417969 0.457478 0.011719 0.011730
0 0.518555 0.494135 0.025391 0.046921
3 0.625977 0.562317 0.013672 0.027859
3 0.804688 0.508798 0.009766 0.020528
3 0.827637 0.511730 0.018555 0.023460
2 0.645508 0.592375 0.015625 0.017595
