0 0.219727 0.552206 0.048828 0.127941
0 0.436035 0.252206 0.051758 0.107353
0 0.576660 0.536029 0.051758 0.107353
1 0.214844 0.552206 0.019531 0.022059
1 0.445801 0.251471 0.014648 0.020588
1 0.556641 0.529412 0.015625 0.029412
1 0.591797 0.529412 0.011719 0.023529
1 0.421387 0.249265 0.014648 0.022059
2 0.214355 0.595588 0.028320 0.035294
3 0.224121 0.507353 0.028320 0.047059
3 0.203613 0.487500 0.016602 0.025000
2 0.576660 0.572794 0.026367 0.033824
3 0.604980 0.501471 0.030273 0.038235
3 0.544922 0.502941 0.033203 0.038235
3 0.408203 0.230147 0.023438 0.030882
3 0.459473 0.231618 0.020508 0.033824
2 0.431641 0.283088 0.025391 0.030882
