0 0.061035 0.429722 0.120117 0.115666
0 0.138184 0.479502 0.122070 0.168375
0 0.312500 0.457540 0.193359 0.291362
0 0.549316 0.445827 0.458008 0.698389
1 0.629883 0.224744 0.119141 0.127379
1 0.376465 0.381406 0.053711 0.065886
1 0.162598 0.431918 0.038086 0.046852
1 0.093262 0.415081 0.028320 0.039531
2 0.408691 0.642020 0.165039 0.253294
2 0.253906 0.537335 0.074219 0.120059
2 0.101074 0.527086 0.045898 0.073206
2 0.017090 0.447291 0.028320 0.054173
2 0.033203 0.513909 0.031250 0.046852
3 0.759766 0.197657 0.101562 0.219619
3 0.192383 0.423865 0.023438 0.060029
