0 0.475521 0.156481 0.034375 0.075926
0 0.629167 0.243519 0.039583 0.083333
1 0.463542 0.143519 0.016667 0.027778
1 0.487500 0.144444 0.016667 0.022222
3 0.785937 0.319444 0.038542 0.198148
3 0.431250 0.337037 0.035417 0.125926
3 0.514583 0.360185 0.027083 0.109259
3 0.551562 0.294444 0.038542 0.100000
1 0.627604 0.231481 0.021875 0.029630
2 0.621354 0.266667 0.019792 0.029630
3 0.495312 0.189815 0.017708 0.090741
2 0.470313 0.177778 0.017708 0.029630
3 0.460938 0.181481 0.019792 0.051852
3 0.641146 0.263889 0.019792 0.087037
